0 0.029296875 0.984375 0.02734375 0.986328125 0.025390625 0.986328125 0.025390625 0.998046875 0.048828125 0.998046875 0.048828125 0.994140625 0.046875 0.9921875 0.046875 0.990234375 0.041015625 0.984375
0 0.177734375 0.90625 0.17578125 0.908203125 0.17578125 0.912109375 0.173828125 0.9140625 0.173828125 0.931640625 0.171875 0.93359375 0.171875 0.935546875 0.169921875 0.9375 0.169921875 0.94140625 0.16796875 0.943359375 0.16796875 0.951171875 0.171875 0.955078125 0.17578125 0.955078125 0.1796875 0.951171875 0.1796875 0.935546875 0.18359375 0.931640625 0.18359375 0.9296875 0.185546875 0.927734375 0.185546875 0.92578125 0.1875 0.923828125 0.1875 0.919921875 0.189453125 0.91796875 0.189453125 0.91015625 0.185546875 0.90625
0 0.541015625 0.853515625 0.541015625 0.85546875 0.53515625 0.861328125 0.53515625 0.865234375 0.541015625 0.87109375 0.546875 0.87109375 0.548828125 0.873046875 0.55078125 0.873046875 0.552734375 0.875 0.55859375 0.875 0.55859375 0.873046875 0.560546875 0.87109375 0.560546875 0.869140625 0.5625 0.8671875 0.5625 0.86328125 0.560546875 0.861328125 0.560546875 0.857421875 0.55859375 0.85546875 0.55859375 0.853515625
0 0.015625 0.662109375 0.013671875 0.6640625 0.013671875 0.66796875 0.01171875 0.669921875 0.01171875 0.671875 0.013671875 0.673828125 0.015625 0.673828125 0.017578125 0.671875 0.021484375 0.671875 0.025390625 0.66796875 0.02734375 0.66796875 0.02734375 0.6640625 0.025390625 0.662109375
0 0.783203125 0.640625 0.78125 0.642578125 0.779296875 0.642578125 0.77734375 0.64453125 0.77734375 0.6484375 0.775390625 0.650390625 0.775390625 0.65234375 0.79296875 0.669921875 0.80078125 0.669921875 0.80078125 0.662109375 0.798828125 0.66015625 0.798828125 0.65234375 0.796875 0.650390625 0.796875 0.6484375 0.794921875 0.646484375 0.794921875 0.64453125 0.79296875 0.642578125 0.787109375 0.642578125 0.78515625 0.640625
0 0.923828125 0.62890625 0.921875 0.630859375 0.919921875 0.630859375 0.916015625 0.634765625 0.916015625 0.63671875 0.9140625 0.638671875 0.9140625 0.640625 0.91015625 0.64453125 0.91015625 0.646484375 0.904296875 0.65234375 0.904296875 0.654296875 0.896484375 0.662109375 0.900390625 0.666015625 0.912109375 0.666015625 0.91796875 0.66015625 0.919921875 0.66015625 0.92578125 0.654296875 0.92578125 0.65234375 0.927734375 0.650390625 0.927734375 0.646484375 0.9296875 0.64453125 0.9296875 0.63671875 0.927734375 0.634765625 0.927734375 0.6328125 0.92578125 0.630859375 0.92578125 0.62890625
0 0.8515625 0.587890625 0.849609375 0.58984375 0.84765625 0.58984375 0.84375 0.59375 0.84375 0.59765625 0.841796875 0.599609375 0.841796875 0.6015625 0.83203125 0.611328125 0.83203125 0.61328125 0.828125 0.6171875 0.828125 0.619140625 0.81640625 0.630859375 0.81640625 0.6328125 0.810546875 0.638671875 0.810546875 0.642578125 0.8125 0.642578125 0.814453125 0.64453125 0.822265625 0.64453125 0.82421875 0.642578125 0.826171875 0.642578125 0.828125 0.640625 0.830078125 0.640625 0.833984375 0.63671875 0.833984375 0.634765625 0.8359375 0.6328125 0.8359375 0.630859375 0.837890625 0.62890625 0.837890625 0.626953125 0.841796875 0.623046875 0.841796875 0.62109375 0.845703125 0.6171875 0.845703125 0.61328125 0.8515625 0.607421875 0.8515625 0.603515625 0.853515625 0.6015625 0.853515625 0.599609375 0.85546875 0.59765625 0.85546875 0.595703125 0.857421875 0.59375 0.857421875 0.591796875 0.853515625 0.587890625
0 0.083984375 0.576171875 0.08203125 0.578125 0.078125 0.578125 0.076171875 0.580078125 0.07421875 0.580078125 0.072265625 0.58203125 0.0703125 0.58203125 0.064453125 0.587890625 0.0625 0.587890625 0.05859375 0.591796875 0.056640625 0.591796875 0.05078125 0.59765625 0.048828125 0.59765625 0.044921875 0.6015625 0.04296875 0.6015625 0.037109375 0.607421875 0.03515625 0.607421875 0.03125 0.611328125 0.029296875 0.611328125 0.029296875 0.62109375 0.0390625 0.630859375 0.041015625 0.630859375 0.04296875 0.62890625 0.048828125 0.62890625 0.05078125 0.626953125 0.052734375 0.626953125 0.0546875 0.625 0.056640625 0.625 0.05859375 0.623046875 0.060546875 0.623046875 0.0625 0.62109375 0.064453125 0.62109375 0.0703125 0.615234375 0.072265625 0.615234375 0.076171875 0.611328125 0.078125 0.611328125 0.08203125 0.607421875 0.083984375 0.607421875 0.0859375 0.60546875 0.08984375 0.60546875 0.091796875 0.603515625 0.09375 0.603515625 0.103515625 0.59375 0.103515625 0.591796875 0.1015625 0.58984375 0.1015625 0.587890625 0.09765625 0.583984375 0.09765625 0.58203125 0.095703125 0.580078125 0.09375 0.580078125 0.091796875 0.578125 0.08984375 0.578125 0.087890625 0.576171875
0 0.0 0.57421875 0.0 0.587890625 0.00390625 0.587890625 0.005859375 0.5859375 0.009765625 0.5859375 0.01171875 0.583984375 0.001953125 0.57421875
0 0.80078125 0.56640625 0.796875 0.5703125 0.796875 0.572265625 0.794921875 0.57421875 0.794921875 0.578125 0.796875 0.580078125 0.796875 0.595703125 0.798828125 0.59765625 0.798828125 0.599609375 0.80078125 0.6015625 0.80078125 0.603515625 0.802734375 0.603515625 0.8046875 0.60546875 0.806640625 0.603515625 0.810546875 0.603515625 0.810546875 0.6015625 0.8125 0.599609375 0.8125 0.587890625 0.810546875 0.5859375 0.810546875 0.583984375 0.80859375 0.58203125 0.80859375 0.578125 0.806640625 0.576171875 0.806640625 0.572265625 0.802734375 0.568359375 0.802734375 0.56640625
0 0.892578125 0.55859375 0.890625 0.560546875 0.890625 0.568359375 0.892578125 0.5703125 0.892578125 0.572265625 0.896484375 0.576171875 0.8984375 0.57421875 0.90234375 0.57421875 0.90234375 0.560546875 0.900390625 0.55859375
0 0.310546875 0.548828125 0.30859375 0.55078125 0.30859375 0.556640625 0.310546875 0.55859375 0.310546875 0.560546875 0.314453125 0.564453125 0.314453125 0.56640625 0.322265625 0.57421875 0.32421875 0.57421875 0.330078125 0.580078125 0.33203125 0.580078125 0.3359375 0.583984375 0.337890625 0.583984375 0.349609375 0.595703125 0.3515625 0.595703125 0.353515625 0.59765625 0.353515625 0.599609375 0.3671875 0.61328125 0.3671875 0.615234375 0.373046875 0.62109375 0.373046875 0.623046875 0.37890625 0.62890625 0.37890625 0.630859375 0.38671875 0.638671875 0.38671875 0.640625 0.388671875 0.642578125 0.388671875 0.64453125 0.390625 0.646484375 0.390625 0.650390625 0.392578125 0.65234375 0.392578125 0.65625 0.39453125 0.658203125 0.39453125 0.66015625 0.396484375 0.662109375 0.396484375 0.6640625 0.396484375 0.65625 0.39453125 0.654296875 0.39453125 0.65234375 0.392578125 0.650390625 0.392578125 0.6484375 0.390625 0.646484375 0.390625 0.642578125 0.388671875 0.640625 0.388671875 0.63671875 0.38671875 0.634765625 0.38671875 0.6328125 0.384765625 0.630859375 0.384765625 0.62890625 0.37890625 0.623046875 0.37890625 0.62109375 0.375 0.6171875 0.375 0.61328125 0.37109375 0.609375 0.37109375 0.607421875 0.369140625 0.60546875 0.369140625 0.603515625 0.365234375 0.599609375 0.365234375 0.59765625 0.361328125 0.59375 0.361328125 0.591796875 0.359375 0.58984375 0.359375 0.57421875 0.361328125 0.572265625 0.361328125 0.560546875 0.359375 0.55859375 0.359375 0.556640625 0.35546875 0.552734375 0.3515625 0.556640625 0.3515625 0.564453125 0.349609375 0.56640625 0.349609375 0.580078125 0.34765625 0.58203125 0.345703125 0.580078125 0.34375 0.580078125 0.33984375 0.576171875 0.337890625 0.576171875 0.333984375 0.572265625 0.33203125 0.572265625 0.3203125 0.560546875 0.3203125 0.556640625 0.318359375 0.5546875 0.318359375 0.552734375 0.31640625 0.55078125 0.314453125 0.55078125 0.3125 0.548828125
0 0.671875 0.51953125 0.669921875 0.521484375 0.66796875 0.521484375 0.66796875 0.5234375 0.666015625 0.525390625 0.666015625 0.54296875 0.66796875 0.544921875 0.66796875 0.5546875 0.669921875 0.556640625 0.669921875 0.5625 0.66796875 0.564453125 0.66796875 0.5703125 0.673828125 0.576171875 0.67578125 0.576171875 0.677734375 0.57421875 0.677734375 0.5703125 0.6796875 0.568359375 0.6796875 0.544921875 0.677734375 0.54296875 0.677734375 0.525390625
0 0.734375 0.49609375 0.732421875 0.498046875 0.732421875 0.501953125 0.73046875 0.50390625 0.73046875 0.5078125 0.7265625 0.51171875 0.7265625 0.513671875 0.728515625 0.515625 0.728515625 0.517578125 0.73046875 0.51953125 0.73046875 0.521484375 0.732421875 0.5234375 0.732421875 0.525390625 0.734375 0.52734375 0.734375 0.529296875 0.736328125 0.53125 0.736328125 0.533203125 0.73828125 0.53515625 0.73828125 0.546875 0.740234375 0.548828125 0.740234375 0.572265625 0.73828125 0.57421875 0.73828125 0.58203125 0.734375 0.5859375 0.734375 0.587890625 0.732421875 0.58984375 0.732421875 0.599609375 0.736328125 0.599609375 0.736328125 0.59765625 0.73828125 0.595703125 0.73828125 0.591796875 0.740234375 0.58984375 0.740234375 0.583984375 0.7421875 0.58203125 0.7421875 0.578125 0.744140625 0.576171875 0.744140625 0.572265625 0.74609375 0.5703125 0.74609375 0.556640625 0.744140625 0.5546875 0.744140625 0.55078125 0.74609375 0.548828125 0.74609375 0.54296875 0.748046875 0.541015625 0.748046875 0.525390625 0.74609375 0.5234375 0.74609375 0.513671875 0.744140625 0.51171875 0.744140625 0.505859375 0.7421875 0.50390625 0.7421875 0.501953125 0.740234375 0.5 0.740234375 0.498046875 0.73828125 0.49609375
0 0.7109375 0.490234375 0.70703125 0.494140625 0.70703125 0.49609375 0.703125 0.5 0.703125 0.501953125 0.69921875 0.505859375 0.69921875 0.5078125 0.6953125 0.51171875 0.6953125 0.513671875 0.693359375 0.515625 0.693359375 0.517578125 0.69140625 0.51953125 0.69140625 0.5234375 0.689453125 0.525390625 0.689453125 0.52734375 0.6875 0.529296875 0.6875 0.533203125 0.689453125 0.533203125 0.69140625 0.53125 0.693359375 0.53125 0.6953125 0.529296875 0.6953125 0.52734375 0.701171875 0.521484375 0.701171875 0.51953125 0.705078125 0.515625 0.705078125 0.513671875 0.708984375 0.509765625 0.708984375 0.5078125 0.7109375 0.505859375 0.7109375 0.50390625 0.712890625 0.501953125 0.712890625 0.5 0.71484375 0.498046875 0.71484375 0.494140625
