0 0.806640625 0.978515625 0.802734375 0.982421875 0.794921875 0.982421875 0.79296875 0.98046875 0.791015625 0.982421875 0.7890625 0.982421875 0.78515625 0.986328125 0.78515625 0.98828125 0.783203125 0.990234375 0.783203125 0.9921875 0.78515625 0.994140625 0.78515625 0.998046875 0.837890625 0.998046875 0.837890625 0.9921875 0.8359375 0.9921875 0.833984375 0.990234375 0.822265625 0.990234375 0.8203125 0.9921875 0.814453125 0.9921875 0.810546875 0.98828125 0.810546875 0.978515625
0 0.326171875 0.94140625 0.322265625 0.9453125 0.322265625 0.947265625 0.318359375 0.951171875 0.31640625 0.951171875 0.314453125 0.953125 0.314453125 0.958984375 0.31640625 0.9609375 0.31640625 0.966796875 0.310546875 0.97265625 0.302734375 0.97265625 0.294921875 0.96484375 0.2890625 0.96484375 0.287109375 0.966796875 0.287109375 0.970703125 0.2890625 0.97265625 0.2890625 0.974609375 0.291015625 0.9765625 0.29296875 0.9765625 0.294921875 0.978515625 0.302734375 0.978515625 0.3046875 0.9765625 0.30859375 0.9765625 0.310546875 0.974609375 0.3203125 0.974609375 0.326171875 0.96875 0.326171875 0.966796875 0.328125 0.96484375 0.328125 0.95703125 0.33203125 0.953125 0.337890625 0.953125 0.341796875 0.94921875 0.341796875 0.943359375 0.337890625 0.943359375 0.3359375 0.94140625
0 0.373046875 0.939453125 0.37109375 0.94140625 0.37109375 0.9453125 0.369140625 0.947265625 0.37109375 0.94921875 0.37109375 0.953125 0.373046875 0.955078125 0.380859375 0.955078125 0.3828125 0.953125 0.384765625 0.953125 0.38671875 0.951171875 0.38671875 0.943359375 0.384765625 0.94140625 0.37890625 0.94140625 0.376953125 0.939453125
0 0.74609375 0.8828125 0.7421875 0.88671875 0.7421875 0.890625 0.73828125 0.89453125 0.734375 0.89453125 0.73046875 0.8984375 0.7265625 0.8984375 0.72265625 0.90234375 0.72265625 0.904296875 0.720703125 0.90625 0.720703125 0.9140625 0.716796875 0.91796875 0.71484375 0.91796875 0.712890625 0.919921875 0.69921875 0.919921875 0.69921875 0.921875 0.697265625 0.923828125 0.69921875 0.92578125 0.69921875 0.931640625 0.70703125 0.939453125 0.7265625 0.939453125 0.728515625 0.9375 0.732421875 0.9375 0.734375 0.935546875 0.736328125 0.935546875 0.73828125 0.93359375 0.740234375 0.93359375 0.748046875 0.92578125 0.75 0.92578125 0.7578125 0.91796875 0.7578125 0.9140625 0.759765625 0.912109375 0.759765625 0.888671875 0.755859375 0.884765625 0.75390625 0.884765625 0.751953125 0.8828125
0 0.693359375 0.828125 0.685546875 0.8359375 0.68359375 0.8359375 0.681640625 0.837890625 0.671875 0.837890625 0.671875 0.83984375 0.669921875 0.841796875 0.669921875 0.84765625 0.66796875 0.849609375 0.66796875 0.857421875 0.669921875 0.859375 0.673828125 0.85546875 0.67578125 0.85546875 0.67578125 0.853515625 0.677734375 0.8515625 0.677734375 0.84765625 0.68359375 0.841796875 0.685546875 0.841796875 0.6875 0.83984375 0.6953125 0.83984375 0.697265625 0.837890625 0.69921875 0.837890625 0.701171875 0.8359375 0.701171875 0.830078125 0.69921875 0.828125
0 0.2890625 0.828125 0.287109375 0.830078125 0.287109375 0.83203125 0.28515625 0.833984375 0.28515625 0.8359375 0.283203125 0.837890625 0.28125 0.837890625 0.279296875 0.83984375 0.27734375 0.83984375 0.271484375 0.845703125 0.26953125 0.845703125 0.255859375 0.859375 0.255859375 0.87109375 0.2578125 0.873046875 0.259765625 0.873046875 0.26171875 0.87109375 0.263671875 0.87109375 0.263671875 0.869140625 0.27734375 0.85546875 0.27734375 0.853515625 0.28125 0.849609375 0.283203125 0.849609375 0.287109375 0.845703125 0.2890625 0.845703125 0.29296875 0.841796875 0.29296875 0.83984375 0.296875 0.8359375 0.296875 0.828125
0 0.26171875 0.802734375 0.2578125 0.806640625 0.2578125 0.80859375 0.255859375 0.810546875 0.25390625 0.810546875 0.251953125 0.8125 0.25 0.8125 0.24609375 0.81640625 0.24609375 0.822265625 0.2421875 0.826171875 0.2421875 0.828125 0.23828125 0.83203125 0.236328125 0.83203125 0.236328125 0.833984375 0.234375 0.8359375 0.234375 0.845703125 0.236328125 0.84765625 0.2421875 0.841796875 0.2421875 0.83984375 0.25 0.83203125 0.25 0.830078125 0.251953125 0.828125 0.251953125 0.826171875 0.25390625 0.82421875 0.25390625 0.822265625 0.26171875 0.814453125 0.26171875 0.8125 0.267578125 0.806640625 0.267578125 0.802734375
0 0.48828125 0.69921875 0.48828125 0.701171875 0.486328125 0.703125 0.486328125 0.70703125 0.48828125 0.708984375 0.48828125 0.712890625 0.490234375 0.71484375 0.490234375 0.716796875 0.49609375 0.72265625 0.498046875 0.72265625 0.5 0.724609375 0.5078125 0.724609375 0.5078125 0.72265625 0.509765625 0.720703125 0.509765625 0.70703125 0.505859375 0.703125 0.50390625 0.703125 0.501953125 0.701171875 0.498046875 0.701171875 0.49609375 0.69921875
0 0.0859375 0.65625 0.0859375 0.658203125 0.08984375 0.662109375 0.08984375 0.6640625 0.091796875 0.666015625 0.091796875 0.673828125 0.09375 0.67578125 0.09375 0.677734375 0.099609375 0.68359375 0.103515625 0.68359375 0.10546875 0.685546875 0.109375 0.681640625 0.109375 0.677734375 0.11328125 0.673828125 0.1171875 0.673828125 0.119140625 0.671875 0.119140625 0.66796875 0.1171875 0.666015625 0.1171875 0.6640625 0.109375 0.65625 0.103515625 0.65625 0.103515625 0.66015625 0.10546875 0.662109375 0.10546875 0.6640625 0.107421875 0.666015625 0.107421875 0.669921875 0.10546875 0.671875 0.1015625 0.671875 0.09765625 0.66796875 0.09765625 0.6640625 0.095703125 0.662109375 0.095703125 0.66015625 0.09375 0.658203125 0.091796875 0.658203125 0.08984375 0.65625
0 0.0 0.04296875 0.0 0.080078125 0.001953125 0.080078125 0.00390625 0.078125 0.00390625 0.068359375 0.001953125 0.06640625 0.001953125 0.05859375 0.005859375 0.0546875 0.005859375 0.046875 0.00390625 0.044921875 0.001953125 0.044921875
