0 0.193359375 0.427734375 0.19140625 0.4296875 0.189453125 0.4296875 0.1875 0.431640625 0.1875 0.43359375 0.189453125 0.435546875 0.189453125 0.4375 0.19140625 0.439453125 0.1953125 0.439453125 0.197265625 0.44140625 0.201171875 0.44140625 0.203125 0.439453125 0.203125 0.4375 0.205078125 0.435546875 0.205078125 0.431640625 0.203125 0.4296875 0.203125 0.427734375
0 0.234375 0.404296875 0.232421875 0.40625 0.23046875 0.40625 0.23046875 0.408203125 0.224609375 0.4140625 0.21875 0.4140625 0.216796875 0.416015625 0.216796875 0.41796875 0.21484375 0.419921875 0.21484375 0.421875 0.216796875 0.423828125 0.220703125 0.423828125 0.22265625 0.42578125 0.224609375 0.42578125 0.2265625 0.423828125 0.228515625 0.423828125 0.232421875 0.419921875 0.232421875 0.41796875 0.236328125 0.4140625 0.23828125 0.4140625 0.23828125 0.40625 0.236328125 0.404296875
0 0.0 0.400390625 0.0 0.408203125 0.005859375 0.408203125 0.005859375 0.404296875 0.00390625 0.40234375 0.001953125 0.40234375
0 0.0234375 0.326171875 0.021484375 0.328125 0.021484375 0.3359375 0.015625 0.341796875 0.013671875 0.341796875 0.01171875 0.34375 0.0078125 0.34375 0.00390625 0.34765625 0.00390625 0.349609375 0.025390625 0.349609375 0.02734375 0.34765625 0.02734375 0.345703125 0.029296875 0.34375 0.029296875 0.330078125 0.02734375 0.328125 0.02734375 0.326171875
0 0.19921875 0.306640625 0.193359375 0.3125 0.193359375 0.318359375 0.1953125 0.3203125 0.1953125 0.322265625 0.19921875 0.326171875 0.203125 0.326171875 0.205078125 0.328125 0.20703125 0.326171875 0.20703125 0.3125 0.201171875 0.306640625
0 0.17578125 0.287109375 0.173828125 0.2890625 0.171875 0.2890625 0.171875 0.30078125 0.169921875 0.302734375 0.169921875 0.306640625 0.171875 0.30859375 0.173828125 0.30859375 0.17578125 0.310546875 0.1796875 0.310546875 0.181640625 0.30859375 0.181640625 0.3046875 0.1796875 0.302734375 0.1796875 0.30078125 0.177734375 0.298828125 0.177734375 0.291015625 0.17578125 0.2890625
0 0.251953125 0.279296875 0.25 0.28125 0.248046875 0.28125 0.24609375 0.283203125 0.244140625 0.283203125 0.244140625 0.287109375 0.24609375 0.2890625 0.24609375 0.291015625 0.248046875 0.29296875 0.248046875 0.30078125 0.25 0.302734375 0.25 0.310546875 0.251953125 0.3125 0.251953125 0.314453125 0.25390625 0.31640625 0.25390625 0.306640625 0.255859375 0.3046875 0.255859375 0.302734375 0.259765625 0.298828125 0.259765625 0.296875 0.26171875 0.294921875 0.26171875 0.287109375 0.259765625 0.28515625 0.259765625 0.28125 0.2578125 0.279296875
0 0.28125 0.255859375 0.28125 0.2578125 0.279296875 0.259765625 0.279296875 0.263671875 0.27734375 0.265625 0.279296875 0.267578125 0.279296875 0.2734375 0.275390625 0.27734375 0.26953125 0.27734375 0.267578125 0.279296875 0.26953125 0.28125 0.26953125 0.283203125 0.28125 0.283203125 0.283203125 0.28125 0.2890625 0.28125 0.29296875 0.28515625 0.30078125 0.28515625 0.30078125 0.283203125 0.298828125 0.28125 0.298828125 0.279296875 0.296875 0.279296875 0.294921875 0.27734375 0.29296875 0.27734375 0.291015625 0.275390625 0.291015625 0.2734375 0.2890625 0.271484375 0.2890625 0.267578125 0.287109375 0.265625 0.287109375 0.26171875 0.28515625 0.259765625 0.28515625 0.255859375
0 0.283203125 0.19921875 0.283203125 0.2109375 0.28125 0.212890625 0.279296875 0.212890625 0.27734375 0.2109375 0.2734375 0.2109375 0.271484375 0.212890625 0.2734375 0.212890625 0.275390625 0.21484375 0.275390625 0.216796875 0.279296875 0.220703125 0.283203125 0.220703125 0.28515625 0.22265625 0.287109375 0.22265625 0.294921875 0.23046875 0.294921875 0.240234375 0.296875 0.2421875 0.296875 0.24609375 0.302734375 0.24609375 0.302734375 0.2421875 0.306640625 0.23828125 0.30859375 0.23828125 0.310546875 0.236328125 0.3125 0.236328125 0.3125 0.228515625 0.30859375 0.224609375 0.306640625 0.224609375 0.298828125 0.216796875 0.298828125 0.21484375 0.296875 0.212890625 0.296875 0.208984375 0.294921875 0.20703125 0.294921875 0.205078125 0.2890625 0.19921875
0 0.34375 0.177734375 0.341796875 0.1796875 0.341796875 0.18359375 0.34375 0.185546875 0.359375 0.185546875 0.361328125 0.18359375 0.359375 0.181640625 0.359375 0.1796875 0.357421875 0.177734375
0 0.34375 0.14453125 0.341796875 0.146484375 0.33984375 0.146484375 0.337890625 0.1484375 0.337890625 0.150390625 0.3359375 0.15234375 0.3359375 0.15625 0.333984375 0.158203125 0.333984375 0.169921875 0.337890625 0.166015625 0.337890625 0.16015625 0.33984375 0.158203125 0.34375 0.158203125 0.345703125 0.15625 0.34765625 0.15625 0.34765625 0.15234375 0.349609375 0.150390625 0.349609375 0.146484375 0.34765625 0.14453125
0 0.310546875 0.12890625 0.30859375 0.130859375 0.306640625 0.130859375 0.306640625 0.140625 0.302734375 0.14453125 0.298828125 0.14453125 0.296875 0.146484375 0.296875 0.1484375 0.30078125 0.15234375 0.31640625 0.15234375 0.318359375 0.150390625 0.3203125 0.150390625 0.3203125 0.1484375 0.318359375 0.146484375 0.318359375 0.14453125 0.31640625 0.142578125 0.31640625 0.1328125 0.3125 0.12890625
0 0.34765625 0.099609375 0.34765625 0.103515625 0.3515625 0.107421875 0.353515625 0.10546875 0.353515625 0.1015625 0.3515625 0.099609375
0 0.408203125 0.013671875 0.404296875 0.017578125 0.40625 0.01953125 0.40625 0.0234375 0.408203125 0.025390625 0.408203125 0.02734375 0.4140625 0.033203125 0.416015625 0.033203125 0.41796875 0.03125 0.41796875 0.021484375 0.416015625 0.01953125 0.416015625 0.017578125 0.412109375 0.013671875
0 0.466796875 0.0 0.466796875 0.001953125 0.470703125 0.005859375 0.478515625 0.005859375 0.48046875 0.00390625 0.494140625 0.00390625 0.49609375 0.001953125 0.49609375 0.0
0 0.447265625 0.0 0.4453125 0.001953125 0.4453125 0.009765625 0.447265625 0.01171875 0.447265625 0.013671875 0.44921875 0.013671875 0.451171875 0.015625 0.455078125 0.015625 0.458984375 0.01171875 0.458984375 0.005859375 0.45703125 0.00390625 0.45703125 0.0
