0 0.8125 0.990234375 0.80859375 0.994140625 0.810546875 0.99609375 0.810546875 0.998046875 0.81640625 0.998046875 0.81640625 0.99609375 0.814453125 0.994140625 0.814453125 0.9921875
0 0.78515625 0.9375 0.783203125 0.939453125 0.783203125 0.94140625 0.78125 0.943359375 0.78515625 0.947265625 0.787109375 0.9453125 0.7890625 0.947265625 0.7890625 0.951171875 0.787109375 0.953125 0.787109375 0.955078125 0.7890625 0.95703125 0.791015625 0.95703125 0.79296875 0.958984375 0.798828125 0.953125 0.798828125 0.94921875 0.794921875 0.9453125 0.79296875 0.9453125 0.791015625 0.943359375 0.79296875 0.94140625 0.79296875 0.939453125 0.791015625 0.9375
0 0.75 0.91796875 0.74609375 0.921875 0.74609375 0.92578125 0.748046875 0.92578125 0.75 0.927734375 0.751953125 0.927734375 0.755859375 0.923828125 0.755859375 0.919921875 0.75390625 0.91796875
0 0.611328125 0.845703125 0.609375 0.84765625 0.609375 0.849609375 0.607421875 0.8515625 0.607421875 0.857421875 0.611328125 0.861328125 0.61328125 0.861328125 0.615234375 0.859375 0.619140625 0.86328125 0.62109375 0.86328125 0.623046875 0.865234375 0.626953125 0.865234375 0.630859375 0.861328125 0.630859375 0.857421875 0.626953125 0.853515625 0.62109375 0.853515625 0.6171875 0.857421875 0.615234375 0.85546875 0.615234375 0.845703125
0 0.34375 0.74609375 0.33984375 0.75 0.3359375 0.75 0.333984375 0.748046875 0.328125 0.748046875 0.322265625 0.75390625 0.322265625 0.7578125 0.32421875 0.7578125 0.326171875 0.759765625 0.328125 0.759765625 0.33203125 0.763671875 0.33203125 0.765625 0.333984375 0.767578125 0.333984375 0.7734375 0.3359375 0.775390625 0.345703125 0.775390625 0.34765625 0.7734375 0.349609375 0.7734375 0.3515625 0.771484375 0.353515625 0.771484375 0.357421875 0.767578125 0.357421875 0.765625 0.359375 0.763671875 0.359375 0.759765625 0.357421875 0.7578125 0.357421875 0.75390625 0.353515625 0.75390625 0.3515625 0.751953125 0.349609375 0.751953125
0 0.224609375 0.7421875 0.220703125 0.74609375 0.220703125 0.748046875 0.21875 0.75 0.21875 0.7578125 0.22265625 0.76171875 0.23046875 0.76171875 0.23828125 0.76953125 0.23828125 0.7734375 0.232421875 0.779296875 0.232421875 0.78125 0.23046875 0.783203125 0.23046875 0.787109375 0.228515625 0.7890625 0.228515625 0.79296875 0.232421875 0.79296875 0.234375 0.791015625 0.236328125 0.791015625 0.240234375 0.787109375 0.240234375 0.78515625 0.2421875 0.783203125 0.2421875 0.78125 0.244140625 0.779296875 0.244140625 0.77734375 0.24609375 0.775390625 0.24609375 0.771484375 0.248046875 0.76953125 0.248046875 0.765625 0.251953125 0.76171875 0.25390625 0.76171875 0.255859375 0.759765625 0.2578125 0.759765625 0.259765625 0.7578125 0.259765625 0.74609375 0.255859375 0.7421875 0.25 0.7421875 0.240234375 0.751953125 0.236328125 0.751953125 0.234375 0.75390625 0.23046875 0.75 0.23046875 0.748046875 0.228515625 0.74609375 0.228515625 0.744140625 0.2265625 0.744140625
0 0.248046875 0.67578125 0.24609375 0.677734375 0.244140625 0.677734375 0.244140625 0.689453125 0.24609375 0.69140625 0.24609375 0.6953125 0.255859375 0.6953125 0.26171875 0.689453125 0.26171875 0.681640625 0.2578125 0.677734375 0.255859375 0.677734375 0.25390625 0.67578125
0 0.0 0.599609375 0.0 0.6171875 0.00390625 0.61328125 0.005859375 0.61328125 0.005859375 0.611328125 0.0078125 0.609375 0.0078125 0.603515625 0.00390625 0.599609375
0 0.330078125 0.5 0.328125 0.501953125 0.32421875 0.501953125 0.322265625 0.50390625 0.322265625 0.51171875 0.32421875 0.513671875 0.32421875 0.515625 0.328125 0.51953125 0.33203125 0.51953125 0.333984375 0.521484375 0.3359375 0.521484375 0.337890625 0.51953125 0.33984375 0.51953125 0.34375 0.515625 0.34375 0.513671875 0.345703125 0.51171875 0.345703125 0.5078125 0.34375 0.505859375 0.34375 0.501953125 0.341796875 0.5
0 0.359375 0.48828125 0.357421875 0.490234375 0.35546875 0.490234375 0.353515625 0.4921875 0.353515625 0.494140625 0.3515625 0.49609375 0.3515625 0.50390625 0.353515625 0.505859375 0.353515625 0.509765625 0.35546875 0.51171875 0.35546875 0.513671875 0.361328125 0.513671875 0.365234375 0.509765625 0.365234375 0.5078125 0.3671875 0.505859375 0.3671875 0.5 0.369140625 0.498046875 0.369140625 0.49609375 0.3671875 0.494140625 0.3671875 0.490234375 0.365234375 0.48828125
0 0.943359375 0.203125 0.94140625 0.205078125 0.9375 0.205078125 0.935546875 0.20703125 0.943359375 0.21484375 0.943359375 0.22265625 0.93359375 0.232421875 0.931640625 0.232421875 0.921875 0.2421875 0.921875 0.244140625 0.919921875 0.24609375 0.919921875 0.248046875 0.91796875 0.25 0.91796875 0.26171875 0.927734375 0.26171875 0.9296875 0.259765625 0.931640625 0.259765625 0.939453125 0.251953125 0.939453125 0.25 0.94140625 0.248046875 0.94140625 0.244140625 0.953125 0.232421875 0.955078125 0.232421875 0.95703125 0.23046875 0.9609375 0.23046875 0.962890625 0.228515625 0.96484375 0.228515625 0.966796875 0.23046875 0.970703125 0.23046875 0.97265625 0.232421875 0.974609375 0.232421875 0.98046875 0.23828125 0.982421875 0.23828125 0.986328125 0.2421875 0.98828125 0.2421875 0.98828125 0.236328125 0.986328125 0.234375 0.986328125 0.232421875 0.984375 0.23046875 0.984375 0.224609375 0.986328125 0.22265625 0.986328125 0.220703125 0.98828125 0.21875 0.98828125 0.216796875 0.986328125 0.21484375 0.986328125 0.2109375 0.98046875 0.205078125 0.9765625 0.205078125 0.97265625 0.208984375 0.97265625 0.2109375 0.970703125 0.212890625 0.962890625 0.212890625 0.95703125 0.20703125 0.95703125 0.205078125 0.955078125 0.205078125 0.953125 0.203125
0 0.900390625 0.130859375 0.8984375 0.1328125 0.890625 0.1328125 0.88671875 0.13671875 0.888671875 0.138671875 0.892578125 0.138671875 0.896484375 0.142578125 0.896484375 0.146484375 0.89453125 0.1484375 0.89453125 0.150390625 0.890625 0.154296875 0.88671875 0.154296875 0.884765625 0.15625 0.8828125 0.15625 0.880859375 0.158203125 0.87890625 0.158203125 0.876953125 0.16015625 0.876953125 0.169921875 0.87890625 0.171875 0.8828125 0.171875 0.884765625 0.169921875 0.88671875 0.169921875 0.888671875 0.16796875 0.890625 0.16796875 0.892578125 0.169921875 0.89453125 0.169921875 0.8984375 0.173828125 0.8984375 0.17578125 0.900390625 0.177734375 0.900390625 0.18359375 0.896484375 0.1875 0.89453125 0.1875 0.892578125 0.189453125 0.884765625 0.189453125 0.8828125 0.19140625 0.876953125 0.19140625 0.875 0.193359375 0.873046875 0.193359375 0.87109375 0.1953125 0.87109375 0.19921875 0.875 0.203125 0.87890625 0.203125 0.880859375 0.205078125 0.890625 0.205078125 0.892578125 0.203125 0.8984375 0.203125 0.900390625 0.205078125 0.900390625 0.20703125 0.90234375 0.208984375 0.904296875 0.208984375 0.90625 0.2109375 0.90625 0.212890625 0.908203125 0.21484375 0.908203125 0.220703125 0.904296875 0.224609375 0.904296875 0.2265625 0.900390625 0.23046875 0.8984375 0.23046875 0.890625 0.23828125 0.890625 0.248046875 0.892578125 0.25 0.89453125 0.25 0.896484375 0.251953125 0.90234375 0.251953125 0.904296875 0.25 0.908203125 0.25 0.912109375 0.24609375 0.912109375 0.244140625 0.919921875 0.236328125 0.919921875 0.234375 0.921875 0.232421875 0.921875 0.23046875 0.927734375 0.224609375 0.9296875 0.224609375 0.931640625 0.22265625 0.931640625 0.21484375 0.927734375 0.2109375 0.92578125 0.2109375 0.923828125 0.208984375 0.919921875 0.208984375 0.91796875 0.20703125 0.916015625 0.20703125 0.9140625 0.205078125 0.912109375 0.205078125 0.91015625 0.203125 0.90625 0.203125 0.904296875 0.205078125 0.90234375 0.203125 0.90234375 0.201171875 0.90625 0.197265625 0.908203125 0.197265625 0.91015625 0.1953125 0.91015625 0.193359375 0.912109375 0.19140625 0.912109375 0.18359375 0.919921875 0.17578125 0.919921875 0.173828125 0.921875 0.171875 0.921875 0.16796875 0.923828125 0.166015625 0.921875 0.1640625 0.921875 0.16015625 0.9140625 0.15234375 0.9140625 0.150390625 0.912109375 0.1484375 0.912109375 0.146484375 0.91015625 0.14453125 0.91015625 0.142578125 0.90625 0.138671875 0.90625 0.134765625 0.904296875 0.1328125 0.90234375 0.1328125
0 0.884765625 0.09765625 0.8828125 0.099609375 0.880859375 0.099609375 0.880859375 0.1015625 0.87890625 0.103515625 0.87890625 0.107421875 0.880859375 0.109375 0.8828125 0.107421875 0.884765625 0.107421875 0.88671875 0.10546875 0.88671875 0.09765625
0 0.873046875 0.08203125 0.87109375 0.083984375 0.86328125 0.083984375 0.861328125 0.0859375 0.859375 0.0859375 0.857421875 0.087890625 0.857421875 0.095703125 0.861328125 0.095703125 0.86328125 0.09375 0.869140625 0.09375 0.876953125 0.0859375 0.876953125 0.083984375 0.875 0.08203125
