0 0.796875 0.974609375 0.794921875 0.9765625 0.79296875 0.9765625 0.7890625 0.98046875 0.787109375 0.98046875 0.787109375 0.986328125 0.791015625 0.990234375 0.80078125 0.990234375 0.802734375 0.98828125 0.802734375 0.986328125 0.8046875 0.984375 0.8046875 0.978515625 0.80078125 0.974609375
0 0.828125 0.970703125 0.826171875 0.97265625 0.82421875 0.97265625 0.822265625 0.974609375 0.822265625 0.978515625 0.8203125 0.98046875 0.822265625 0.982421875 0.828125 0.982421875 0.830078125 0.98046875 0.8359375 0.98046875 0.837890625 0.982421875 0.83984375 0.982421875 0.841796875 0.984375 0.841796875 0.986328125 0.84375 0.98828125 0.84375 0.990234375 0.841796875 0.9921875 0.841796875 0.998046875 0.849609375 0.998046875 0.8515625 0.99609375 0.857421875 0.99609375 0.859375 0.998046875 0.875 0.998046875 0.875 0.994140625 0.873046875 0.9921875 0.873046875 0.990234375 0.87109375 0.990234375 0.869140625 0.9921875 0.8671875 0.9921875 0.865234375 0.994140625 0.861328125 0.994140625 0.859375 0.9921875 0.857421875 0.9921875 0.849609375 0.984375 0.849609375 0.98046875 0.841796875 0.97265625 0.8359375 0.97265625 0.833984375 0.970703125
0 0.263671875 0.9296875 0.263671875 0.93359375 0.26171875 0.935546875 0.26171875 0.939453125 0.263671875 0.94140625 0.263671875 0.943359375 0.267578125 0.947265625 0.27734375 0.947265625 0.279296875 0.94921875 0.28125 0.94921875 0.28515625 0.953125 0.287109375 0.953125 0.2890625 0.955078125 0.29296875 0.955078125 0.294921875 0.95703125 0.298828125 0.95703125 0.298828125 0.951171875 0.29296875 0.9453125 0.287109375 0.9453125 0.28515625 0.943359375 0.28125 0.943359375 0.27734375 0.939453125 0.27734375 0.9375 0.275390625 0.935546875 0.275390625 0.93359375 0.271484375 0.9296875
0 0.8828125 0.92578125 0.876953125 0.931640625 0.876953125 0.93359375 0.875 0.935546875 0.875 0.94140625 0.873046875 0.943359375 0.869140625 0.943359375 0.865234375 0.947265625 0.865234375 0.953125 0.8671875 0.955078125 0.87109375 0.955078125 0.873046875 0.95703125 0.873046875 0.958984375 0.875 0.9609375 0.876953125 0.958984375 0.876953125 0.951171875 0.880859375 0.947265625 0.88671875 0.947265625 0.888671875 0.9453125 0.888671875 0.94140625 0.892578125 0.9375 0.892578125 0.9296875 0.890625 0.927734375 0.888671875 0.9296875 0.88671875 0.9296875
0 0.830078125 0.9140625 0.830078125 0.921875 0.83203125 0.923828125 0.82421875 0.931640625 0.82421875 0.935546875 0.83203125 0.935546875 0.83203125 0.93359375 0.833984375 0.931640625 0.84375 0.931640625 0.853515625 0.94140625 0.85546875 0.94140625 0.857421875 0.943359375 0.859375 0.943359375 0.859375 0.939453125 0.857421875 0.9375 0.857421875 0.935546875 0.861328125 0.931640625 0.86328125 0.931640625 0.86328125 0.9296875 0.861328125 0.927734375 0.857421875 0.927734375 0.85546875 0.92578125 0.85546875 0.923828125 0.853515625 0.921875 0.853515625 0.919921875 0.8515625 0.91796875 0.849609375 0.919921875 0.849609375 0.92578125 0.84765625 0.927734375 0.84375 0.927734375 0.8359375 0.919921875 0.8359375 0.91796875 0.833984375 0.916015625 0.833984375 0.9140625
0 0.390625 0.908203125 0.388671875 0.91015625 0.384765625 0.91015625 0.3828125 0.912109375 0.380859375 0.912109375 0.380859375 0.921875 0.3828125 0.921875 0.384765625 0.923828125 0.390625 0.923828125 0.392578125 0.92578125 0.39453125 0.92578125 0.396484375 0.927734375 0.41015625 0.927734375 0.4140625 0.923828125 0.4140625 0.921875 0.412109375 0.919921875 0.412109375 0.91796875 0.40625 0.912109375 0.404296875 0.912109375 0.40234375 0.91015625 0.400390625 0.91015625 0.3984375 0.908203125
0 0.0390625 0.646484375 0.0390625 0.65625 0.041015625 0.658203125 0.041015625 0.6640625 0.04296875 0.666015625 0.04296875 0.669921875 0.044921875 0.671875 0.044921875 0.673828125 0.046875 0.67578125 0.052734375 0.67578125 0.052734375 0.673828125 0.05078125 0.671875 0.05078125 0.669921875 0.048828125 0.66796875 0.048828125 0.666015625 0.046875 0.6640625 0.046875 0.66015625 0.044921875 0.658203125 0.044921875 0.65234375 0.04296875 0.650390625 0.04296875 0.6484375 0.041015625 0.646484375
0 0.0 0.640625 0.0 0.6640625 0.001953125 0.666015625 0.001953125 0.669921875 0.00390625 0.671875 0.00390625 0.673828125 0.005859375 0.67578125 0.0078125 0.67578125 0.009765625 0.673828125 0.009765625 0.6640625 0.0078125 0.662109375 0.0078125 0.654296875 0.005859375 0.65234375 0.005859375 0.6484375 0.00390625 0.646484375 0.00390625 0.64453125
0 0.134765625 0.62109375 0.1328125 0.623046875 0.1328125 0.626953125 0.130859375 0.62890625 0.130859375 0.630859375 0.126953125 0.634765625 0.126953125 0.63671875 0.125 0.638671875 0.125 0.640625 0.12109375 0.64453125 0.12109375 0.654296875 0.123046875 0.65625 0.123046875 0.65234375 0.126953125 0.6484375 0.12890625 0.6484375 0.130859375 0.646484375 0.1328125 0.646484375 0.13671875 0.642578125 0.13671875 0.640625 0.138671875 0.638671875 0.138671875 0.62890625 0.140625 0.626953125 0.140625 0.623046875 0.13671875 0.623046875
0 0.119140625 0.611328125 0.119140625 0.62109375 0.12109375 0.623046875 0.12109375 0.626953125 0.119140625 0.62890625 0.119140625 0.6328125 0.12109375 0.6328125 0.12109375 0.630859375 0.123046875 0.62890625 0.123046875 0.619140625 0.125 0.6171875 0.125 0.61328125 0.123046875 0.611328125
