0 0.912109375 0.837890625 0.912109375 0.84375 0.9140625 0.845703125 0.9140625 0.84765625 0.916015625 0.849609375 0.919921875 0.849609375 0.921875 0.8515625 0.92578125 0.8515625 0.927734375 0.849609375 0.9296875 0.849609375 0.931640625 0.84765625 0.931640625 0.845703125 0.93359375 0.84375 0.93359375 0.841796875 0.931640625 0.83984375 0.92578125 0.83984375 0.923828125 0.841796875 0.921875 0.841796875 0.919921875 0.83984375 0.919921875 0.837890625
0 0.720703125 0.8046875 0.71875 0.806640625 0.716796875 0.806640625 0.7109375 0.8125 0.7109375 0.814453125 0.708984375 0.81640625 0.708984375 0.822265625 0.71484375 0.828125 0.71875 0.828125 0.720703125 0.830078125 0.724609375 0.830078125 0.7265625 0.828125 0.73046875 0.828125 0.732421875 0.826171875 0.732421875 0.814453125 0.73046875 0.8125 0.73046875 0.810546875 0.7265625 0.806640625 0.724609375 0.806640625 0.72265625 0.8046875
0 0.806640625 0.734375 0.8046875 0.736328125 0.794921875 0.736328125 0.79296875 0.73828125 0.791015625 0.73828125 0.787109375 0.7421875 0.787109375 0.744140625 0.78515625 0.74609375 0.78515625 0.755859375 0.7890625 0.759765625 0.791015625 0.759765625 0.79296875 0.76171875 0.802734375 0.76171875 0.8046875 0.759765625 0.80859375 0.759765625 0.8125 0.755859375 0.814453125 0.755859375 0.814453125 0.75390625 0.81640625 0.751953125 0.81640625 0.736328125 0.814453125 0.734375
0 0.759765625 0.669921875 0.7578125 0.671875 0.75390625 0.671875 0.751953125 0.673828125 0.75 0.673828125 0.748046875 0.67578125 0.74609375 0.67578125 0.73828125 0.68359375 0.73828125 0.685546875 0.736328125 0.6875 0.736328125 0.689453125 0.734375 0.69140625 0.734375 0.705078125 0.74609375 0.716796875 0.74609375 0.71875 0.748046875 0.720703125 0.748046875 0.724609375 0.751953125 0.728515625 0.751953125 0.73046875 0.75390625 0.732421875 0.755859375 0.732421875 0.7578125 0.734375 0.765625 0.734375 0.765625 0.7265625 0.763671875 0.724609375 0.763671875 0.720703125 0.76171875 0.71875 0.76171875 0.716796875 0.759765625 0.71484375 0.759765625 0.712890625 0.7578125 0.7109375 0.7578125 0.70703125 0.755859375 0.705078125 0.755859375 0.693359375 0.7578125 0.69140625 0.7578125 0.689453125 0.759765625 0.6875 0.76171875 0.6875 0.763671875 0.685546875 0.765625 0.685546875 0.765625 0.68359375 0.767578125 0.681640625 0.767578125 0.677734375 0.765625 0.67578125 0.765625 0.673828125 0.76171875 0.669921875
0 0.59765625 0.494140625 0.595703125 0.49609375 0.58984375 0.49609375 0.587890625 0.498046875 0.580078125 0.498046875 0.578125 0.5 0.572265625 0.5 0.572265625 0.501953125 0.576171875 0.505859375 0.580078125 0.505859375 0.58203125 0.5078125 0.58984375 0.5078125 0.591796875 0.509765625 0.603515625 0.509765625 0.607421875 0.505859375 0.607421875 0.498046875 0.60546875 0.49609375 0.6015625 0.49609375 0.599609375 0.494140625
0 0.466796875 0.330078125 0.462890625 0.333984375 0.462890625 0.34375 0.4609375 0.345703125 0.455078125 0.345703125 0.453125 0.34765625 0.451171875 0.34765625 0.44921875 0.349609375 0.447265625 0.349609375 0.4453125 0.3515625 0.4453125 0.361328125 0.447265625 0.36328125 0.447265625 0.375 0.443359375 0.37890625 0.435546875 0.37890625 0.43359375 0.376953125 0.431640625 0.376953125 0.4296875 0.375 0.427734375 0.375 0.423828125 0.37109375 0.423828125 0.369140625 0.421875 0.3671875 0.421875 0.365234375 0.419921875 0.36328125 0.4140625 0.36328125 0.4140625 0.37109375 0.416015625 0.373046875 0.416015625 0.375 0.41796875 0.376953125 0.41796875 0.37890625 0.423828125 0.384765625 0.42578125 0.384765625 0.4296875 0.388671875 0.443359375 0.388671875 0.44921875 0.3828125 0.44921875 0.380859375 0.451171875 0.37890625 0.451171875 0.376953125 0.4609375 0.3671875 0.462890625 0.3671875 0.47265625 0.357421875 0.47265625 0.35546875 0.474609375 0.353515625 0.474609375 0.3515625 0.4765625 0.349609375 0.4765625 0.337890625 0.474609375 0.3359375 0.474609375 0.333984375 0.470703125 0.330078125
0 0.3359375 0.189453125 0.333984375 0.19140625 0.33203125 0.19140625 0.330078125 0.193359375 0.330078125 0.203125 0.33984375 0.212890625 0.33984375 0.21484375 0.341796875 0.216796875 0.341796875 0.21875 0.34375 0.220703125 0.34375 0.22265625 0.345703125 0.224609375 0.34765625 0.224609375 0.349609375 0.2265625 0.361328125 0.2265625 0.36328125 0.224609375 0.36328125 0.216796875 0.361328125 0.21484375 0.361328125 0.212890625 0.357421875 0.208984375 0.357421875 0.20703125 0.341796875 0.19140625 0.33984375 0.19140625 0.337890625 0.189453125
0 0.072265625 0.1796875 0.0703125 0.181640625 0.068359375 0.181640625 0.068359375 0.18359375 0.06640625 0.185546875 0.06640625 0.1875 0.068359375 0.189453125 0.068359375 0.19140625 0.0703125 0.19140625 0.072265625 0.193359375 0.07421875 0.193359375 0.076171875 0.1953125 0.083984375 0.1953125 0.087890625 0.19140625 0.087890625 0.185546875 0.0859375 0.18359375 0.08203125 0.18359375 0.078125 0.1796875
0 0.443359375 0.173828125 0.439453125 0.177734375 0.439453125 0.18359375 0.443359375 0.1875 0.4453125 0.1875 0.447265625 0.189453125 0.44921875 0.1875 0.455078125 0.1875 0.45703125 0.185546875 0.458984375 0.185546875 0.4609375 0.18359375 0.4609375 0.177734375 0.458984375 0.177734375 0.455078125 0.173828125
0 0.3671875 0.07421875 0.365234375 0.076171875 0.361328125 0.076171875 0.359375 0.078125 0.353515625 0.078125 0.3515625 0.080078125 0.349609375 0.080078125 0.34765625 0.08203125 0.345703125 0.08203125 0.345703125 0.087890625 0.359375 0.087890625 0.361328125 0.0859375 0.365234375 0.0859375 0.3671875 0.083984375 0.369140625 0.083984375 0.37109375 0.08203125 0.373046875 0.08203125 0.375 0.080078125 0.375 0.076171875 0.373046875 0.07421875
0 0.626953125 0.01171875 0.625 0.013671875 0.626953125 0.015625 0.626953125 0.021484375 0.62890625 0.0234375 0.62890625 0.025390625 0.630859375 0.02734375 0.630859375 0.033203125 0.634765625 0.033203125 0.634765625 0.029296875 0.6328125 0.02734375 0.6328125 0.0234375 0.63671875 0.01953125 0.638671875 0.01953125 0.638671875 0.017578125 0.63671875 0.015625 0.634765625 0.017578125 0.630859375 0.013671875 0.630859375 0.01171875
