0 0.9921875 0.8125 0.990234375 0.814453125 0.98828125 0.814453125 0.98828125 0.81640625 0.99609375 0.82421875 0.998046875 0.82421875 0.998046875 0.8125
0 0.4375 0.451171875 0.435546875 0.453125 0.435546875 0.46484375 0.443359375 0.46484375 0.4453125 0.462890625 0.4453125 0.45703125 0.439453125 0.451171875
0 0.650390625 0.400390625 0.64453125 0.40625 0.64453125 0.423828125 0.646484375 0.42578125 0.646484375 0.4296875 0.6484375 0.431640625 0.6484375 0.4375 0.650390625 0.439453125 0.650390625 0.443359375 0.65234375 0.4453125 0.65625 0.4453125 0.66015625 0.44140625 0.66015625 0.423828125 0.658203125 0.421875 0.658203125 0.41015625 0.65625 0.408203125 0.65625 0.404296875 0.654296875 0.40234375 0.654296875 0.400390625
0 0.61328125 0.39453125 0.611328125 0.396484375 0.611328125 0.412109375 0.609375 0.4140625 0.609375 0.416015625 0.60546875 0.419921875 0.60546875 0.423828125 0.603515625 0.42578125 0.603515625 0.439453125 0.6015625 0.44140625 0.6015625 0.447265625 0.599609375 0.44921875 0.599609375 0.453125 0.6015625 0.455078125 0.6015625 0.462890625 0.603515625 0.46484375 0.603515625 0.466796875 0.607421875 0.470703125 0.607421875 0.47265625 0.62109375 0.486328125 0.623046875 0.486328125 0.62890625 0.4921875 0.630859375 0.4921875 0.6328125 0.494140625 0.634765625 0.494140625 0.63671875 0.49609375 0.642578125 0.49609375 0.64453125 0.498046875 0.646484375 0.498046875 0.646484375 0.4921875 0.634765625 0.48046875 0.6328125 0.48046875 0.625 0.47265625 0.625 0.470703125 0.623046875 0.46875 0.623046875 0.466796875 0.62109375 0.46484375 0.62109375 0.458984375 0.619140625 0.45703125 0.619140625 0.453125 0.6171875 0.451171875 0.6171875 0.44921875 0.615234375 0.447265625 0.615234375 0.4453125 0.61328125 0.443359375 0.61328125 0.4375 0.611328125 0.435546875 0.611328125 0.427734375 0.61328125 0.42578125 0.61328125 0.419921875 0.615234375 0.41796875 0.615234375 0.416015625 0.619140625 0.412109375 0.619140625 0.408203125 0.62109375 0.40625 0.62109375 0.400390625 0.619140625 0.3984375 0.619140625 0.396484375 0.6171875 0.39453125
0 0.2109375 0.29296875 0.2109375 0.30078125 0.212890625 0.302734375 0.212890625 0.3046875 0.21484375 0.3046875 0.216796875 0.306640625 0.220703125 0.306640625 0.220703125 0.298828125 0.21875 0.296875 0.21875 0.294921875 0.216796875 0.29296875
0 0.921875 0.244140625 0.921875 0.24609375 0.919921875 0.248046875 0.919921875 0.25 0.91796875 0.251953125 0.91796875 0.259765625 0.919921875 0.26171875 0.919921875 0.265625 0.921875 0.267578125 0.921875 0.2734375 0.923828125 0.275390625 0.923828125 0.27734375 0.92578125 0.279296875 0.92578125 0.28125 0.9296875 0.28515625 0.931640625 0.28515625 0.93359375 0.287109375 0.94140625 0.287109375 0.943359375 0.28515625 0.955078125 0.28515625 0.955078125 0.283203125 0.95703125 0.28125 0.95703125 0.27734375 0.955078125 0.275390625 0.955078125 0.2734375 0.943359375 0.26171875 0.943359375 0.259765625 0.94140625 0.2578125 0.94140625 0.255859375 0.939453125 0.25390625 0.9375 0.25390625 0.9296875 0.24609375 0.927734375 0.24609375 0.92578125 0.244140625
0 0.05078125 0.232421875 0.046875 0.236328125 0.046875 0.248046875 0.048828125 0.25 0.048828125 0.25390625 0.0546875 0.25390625 0.05859375 0.25 0.05859375 0.24609375 0.060546875 0.244140625 0.060546875 0.23828125 0.05859375 0.236328125 0.05859375 0.234375 0.056640625 0.234375 0.0546875 0.232421875
0 0.888671875 0.23046875 0.88671875 0.232421875 0.884765625 0.232421875 0.8828125 0.234375 0.8828125 0.240234375 0.880859375 0.2421875 0.880859375 0.248046875 0.8828125 0.25 0.8828125 0.25390625 0.890625 0.26171875 0.896484375 0.26171875 0.900390625 0.2578125 0.900390625 0.255859375 0.90234375 0.25390625 0.90234375 0.240234375 0.900390625 0.23828125 0.900390625 0.236328125 0.896484375 0.232421875 0.89453125 0.232421875 0.892578125 0.23046875
0 0.24609375 0.19921875 0.244140625 0.201171875 0.244140625 0.203125 0.2421875 0.205078125 0.244140625 0.20703125 0.25 0.20703125 0.251953125 0.205078125 0.25390625 0.205078125 0.255859375 0.203125 0.251953125 0.19921875
0 0.091796875 0.001953125 0.08984375 0.00390625 0.087890625 0.00390625 0.078125 0.013671875 0.07421875 0.013671875 0.072265625 0.015625 0.0703125 0.015625 0.068359375 0.017578125 0.06640625 0.017578125 0.0625 0.021484375 0.0625 0.0234375 0.060546875 0.025390625 0.060546875 0.029296875 0.05859375 0.03125 0.05859375 0.046875 0.0625 0.05078125 0.064453125 0.05078125 0.06640625 0.048828125 0.068359375 0.048828125 0.068359375 0.046875 0.0703125 0.044921875 0.0703125 0.041015625 0.072265625 0.0390625 0.072265625 0.033203125 0.07421875 0.03125 0.07421875 0.029296875 0.080078125 0.0234375 0.08203125 0.0234375 0.083984375 0.021484375 0.0859375 0.021484375 0.087890625 0.01953125 0.091796875 0.01953125 0.09375 0.017578125 0.09765625 0.017578125 0.099609375 0.015625 0.1015625 0.015625 0.103515625 0.013671875 0.10546875 0.013671875 0.107421875 0.01171875 0.107421875 0.001953125
0 0.44921875 0.0 0.44921875 0.0078125 0.453125 0.01171875 0.453125 0.013671875 0.45703125 0.017578125 0.45703125 0.01953125 0.458984375 0.021484375 0.458984375 0.025390625 0.4609375 0.02734375 0.4609375 0.03125 0.462890625 0.033203125 0.462890625 0.037109375 0.46484375 0.0390625 0.46484375 0.041015625 0.466796875 0.04296875 0.466796875 0.044921875 0.47265625 0.05078125 0.48046875 0.05078125 0.482421875 0.048828125 0.482421875 0.046875 0.484375 0.044921875 0.484375 0.041015625 0.482421875 0.0390625 0.482421875 0.03515625 0.48046875 0.033203125 0.48046875 0.03125 0.4765625 0.02734375 0.4765625 0.025390625 0.474609375 0.0234375 0.474609375 0.01953125 0.47265625 0.017578125 0.47265625 0.013671875 0.470703125 0.01171875 0.470703125 0.0078125 0.46875 0.005859375 0.46875 0.00390625 0.466796875 0.001953125 0.466796875 0.0
