0 0.033203125 0.908203125 0.03125 0.91015625 0.033203125 0.912109375 0.033203125 0.923828125 0.037109375 0.927734375 0.037109375 0.9296875 0.04296875 0.935546875 0.04296875 0.9296875 0.041015625 0.927734375 0.041015625 0.91796875 0.0390625 0.916015625 0.0390625 0.912109375 0.03515625 0.908203125
0 0.087890625 0.88671875 0.0859375 0.888671875 0.083984375 0.888671875 0.083984375 0.892578125 0.0859375 0.89453125 0.0859375 0.8984375 0.087890625 0.900390625 0.087890625 0.90234375 0.09765625 0.912109375 0.099609375 0.912109375 0.1015625 0.9140625 0.103515625 0.9140625 0.10546875 0.916015625 0.107421875 0.916015625 0.109375 0.91796875 0.1171875 0.91796875 0.119140625 0.916015625 0.1171875 0.9140625 0.1171875 0.912109375 0.107421875 0.90234375 0.107421875 0.900390625 0.103515625 0.896484375 0.103515625 0.89453125 0.099609375 0.890625 0.09765625 0.890625 0.095703125 0.888671875 0.09375 0.888671875 0.091796875 0.88671875
0 0.06640625 0.88671875 0.064453125 0.888671875 0.0625 0.888671875 0.060546875 0.890625 0.056640625 0.890625 0.0546875 0.892578125 0.052734375 0.892578125 0.052734375 0.89453125 0.056640625 0.89453125 0.0625 0.900390625 0.064453125 0.900390625 0.06640625 0.90234375 0.0703125 0.90234375 0.0703125 0.900390625 0.072265625 0.8984375 0.0703125 0.896484375 0.0703125 0.892578125 0.072265625 0.890625 0.072265625 0.888671875 0.0703125 0.88671875
0 0.80078125 0.884765625 0.798828125 0.88671875 0.791015625 0.88671875 0.7890625 0.888671875 0.783203125 0.888671875 0.78125 0.890625 0.76953125 0.890625 0.767578125 0.888671875 0.765625 0.888671875 0.763671875 0.890625 0.759765625 0.890625 0.7578125 0.892578125 0.75390625 0.892578125 0.75390625 0.89453125 0.755859375 0.896484375 0.755859375 0.8984375 0.76171875 0.904296875 0.763671875 0.904296875 0.76953125 0.91015625 0.771484375 0.91015625 0.775390625 0.9140625 0.77734375 0.9140625 0.779296875 0.916015625 0.783203125 0.916015625 0.78515625 0.91796875 0.791015625 0.91796875 0.79296875 0.919921875 0.796875 0.919921875 0.798828125 0.921875 0.8046875 0.921875 0.806640625 0.919921875 0.80859375 0.919921875 0.810546875 0.91796875 0.8125 0.91796875 0.814453125 0.916015625 0.81640625 0.916015625 0.818359375 0.9140625 0.826171875 0.9140625 0.828125 0.912109375 0.833984375 0.912109375 0.83984375 0.90625 0.83984375 0.904296875 0.841796875 0.90234375 0.841796875 0.884765625
0 0.0 0.75 0.0 0.80859375 0.001953125 0.810546875 0.00390625 0.810546875 0.005859375 0.8125 0.0078125 0.8125 0.025390625 0.830078125 0.02734375 0.830078125 0.029296875 0.83203125 0.033203125 0.83203125 0.03515625 0.833984375 0.044921875 0.833984375 0.046875 0.8359375 0.056640625 0.8359375 0.056640625 0.83203125 0.05859375 0.830078125 0.05859375 0.826171875 0.056640625 0.82421875 0.056640625 0.822265625 0.0546875 0.8203125 0.0546875 0.818359375 0.05078125 0.814453125 0.05078125 0.8125 0.046875 0.80859375 0.046875 0.806640625 0.044921875 0.806640625 0.03515625 0.796875 0.03515625 0.79296875 0.03125 0.7890625 0.03125 0.787109375 0.029296875 0.78515625 0.029296875 0.783203125 0.0234375 0.77734375 0.0234375 0.775390625 0.017578125 0.76953125 0.015625 0.76953125 0.01171875 0.765625 0.009765625 0.765625 0.0078125 0.763671875 0.0078125 0.76171875 0.00390625 0.7578125 0.00390625 0.755859375 0.0 0.751953125
0 0.888671875 0.70703125 0.88671875 0.708984375 0.888671875 0.7109375 0.888671875 0.71484375 0.890625 0.71484375 0.900390625 0.724609375 0.90625 0.724609375 0.908203125 0.7265625 0.916015625 0.7265625 0.916015625 0.724609375 0.9140625 0.72265625 0.9140625 0.720703125 0.91015625 0.716796875 0.908203125 0.716796875 0.90625 0.71484375 0.904296875 0.71484375 0.90234375 0.712890625 0.900390625 0.712890625 0.8984375 0.7109375 0.896484375 0.7109375 0.89453125 0.708984375 0.890625 0.708984375
0 0.7890625 0.646484375 0.7890625 0.65234375 0.791015625 0.65234375 0.79296875 0.654296875 0.798828125 0.654296875 0.798828125 0.6484375 0.796875 0.6484375 0.794921875 0.646484375
0 0.64453125 0.619140625 0.642578125 0.62109375 0.640625 0.62109375 0.63671875 0.625 0.63671875 0.62890625 0.634765625 0.630859375 0.634765625 0.6328125 0.6328125 0.634765625 0.6328125 0.642578125 0.634765625 0.64453125 0.638671875 0.64453125 0.640625 0.646484375 0.642578125 0.646484375 0.64453125 0.6484375 0.646484375 0.6484375 0.6484375 0.650390625 0.66015625 0.650390625 0.662109375 0.6484375 0.662109375 0.646484375 0.6640625 0.64453125 0.6640625 0.638671875 0.666015625 0.63671875 0.666015625 0.634765625 0.66796875 0.6328125 0.66796875 0.626953125 0.666015625 0.625 0.66015625 0.625 0.658203125 0.623046875 0.65625 0.623046875 0.654296875 0.62109375 0.650390625 0.62109375 0.6484375 0.619140625
0 0.57421875 0.5703125 0.572265625 0.572265625 0.552734375 0.572265625 0.548828125 0.576171875 0.548828125 0.58203125 0.546875 0.583984375 0.546875 0.587890625 0.544921875 0.58984375 0.544921875 0.591796875 0.54296875 0.59375 0.54296875 0.595703125 0.5390625 0.599609375 0.5390625 0.6015625 0.537109375 0.603515625 0.537109375 0.609375 0.5390625 0.609375 0.541015625 0.611328125 0.54296875 0.611328125 0.544921875 0.61328125 0.55078125 0.61328125 0.552734375 0.611328125 0.55859375 0.611328125 0.560546875 0.609375 0.5625 0.609375 0.564453125 0.607421875 0.568359375 0.607421875 0.5703125 0.60546875 0.572265625 0.60546875 0.58203125 0.595703125 0.58203125 0.59375 0.583984375 0.591796875 0.587890625 0.591796875 0.58984375 0.58984375 0.591796875 0.58984375 0.59375 0.591796875 0.599609375 0.591796875 0.6015625 0.59375 0.6015625 0.6015625 0.603515625 0.6015625 0.60546875 0.603515625 0.609375 0.603515625 0.609375 0.599609375 0.607421875 0.59765625 0.607421875 0.583984375 0.60546875 0.58203125 0.60546875 0.580078125 0.599609375 0.57421875 0.59765625 0.57421875 0.595703125 0.572265625 0.59375 0.572265625 0.591796875 0.5703125
0 0.0 0.1640625 0.0 0.189453125 0.001953125 0.189453125 0.00390625 0.1875 0.005859375 0.1875 0.009765625 0.18359375 0.009765625 0.181640625 0.0078125 0.1796875 0.0078125 0.177734375 0.005859375 0.17578125 0.005859375 0.169921875
0 0.029296875 0.130859375 0.025390625 0.134765625 0.025390625 0.140625 0.02734375 0.140625 0.029296875 0.142578125 0.033203125 0.142578125 0.03515625 0.14453125 0.0390625 0.14453125 0.044921875 0.150390625 0.046875 0.150390625 0.05078125 0.154296875 0.052734375 0.154296875 0.056640625 0.158203125 0.05859375 0.158203125 0.06640625 0.166015625 0.068359375 0.166015625 0.0703125 0.16796875 0.072265625 0.16796875 0.07421875 0.169921875 0.076171875 0.169921875 0.078125 0.171875 0.080078125 0.169921875 0.08203125 0.169921875 0.0859375 0.166015625 0.0859375 0.1640625 0.087890625 0.162109375 0.087890625 0.16015625 0.0859375 0.16015625 0.072265625 0.146484375 0.0703125 0.146484375 0.064453125 0.140625 0.0625 0.140625 0.060546875 0.138671875 0.05859375 0.138671875 0.056640625 0.13671875 0.0546875 0.13671875 0.052734375 0.134765625 0.048828125 0.134765625 0.046875 0.1328125 0.04296875 0.1328125 0.041015625 0.130859375
0 0.15625 0.115234375 0.154296875 0.1171875 0.14453125 0.1171875 0.142578125 0.119140625 0.140625 0.119140625 0.140625 0.125 0.142578125 0.126953125 0.142578125 0.12890625 0.146484375 0.1328125 0.154296875 0.1328125 0.15625 0.130859375 0.166015625 0.130859375 0.16796875 0.12890625 0.169921875 0.12890625 0.171875 0.126953125 0.181640625 0.126953125 0.18359375 0.125 0.189453125 0.125 0.193359375 0.12109375 0.19140625 0.119140625 0.189453125 0.119140625 0.1875 0.1171875 0.18359375 0.1171875 0.181640625 0.115234375 0.1796875 0.1171875 0.162109375 0.1171875 0.16015625 0.115234375
0 0.0 0.0078125 0.0 0.044921875 0.001953125 0.046875 0.001953125 0.048828125 0.00390625 0.05078125 0.00390625 0.052734375 0.009765625 0.05859375 0.009765625 0.060546875 0.017578125 0.060546875 0.025390625 0.068359375 0.025390625 0.0703125 0.029296875 0.07421875 0.044921875 0.07421875 0.046875 0.072265625 0.048828125 0.072265625 0.052734375 0.068359375 0.052734375 0.0625 0.04296875 0.052734375 0.04296875 0.05078125 0.0390625 0.046875 0.0390625 0.044921875 0.037109375 0.04296875 0.037109375 0.037109375 0.03515625 0.03515625 0.03515625 0.033203125 0.01953125 0.017578125 0.017578125 0.017578125 0.01171875 0.01171875 0.009765625 0.01171875 0.0078125 0.009765625 0.001953125 0.009765625
