0 0.08984375 0.7734375 0.0859375 0.77734375 0.0859375 0.779296875 0.08984375 0.783203125 0.099609375 0.783203125 0.099609375 0.779296875 0.09765625 0.77734375 0.09765625 0.775390625 0.095703125 0.7734375
0 0.125 0.765625 0.12109375 0.76953125 0.12109375 0.779296875 0.123046875 0.78125 0.123046875 0.783203125 0.12890625 0.7890625 0.12890625 0.791015625 0.130859375 0.79296875 0.130859375 0.794921875 0.138671875 0.802734375 0.138671875 0.8046875 0.142578125 0.80859375 0.142578125 0.8125 0.146484375 0.81640625 0.154296875 0.81640625 0.158203125 0.8125 0.16015625 0.8125 0.162109375 0.810546875 0.1640625 0.810546875 0.16796875 0.806640625 0.169921875 0.806640625 0.171875 0.8046875 0.173828125 0.8046875 0.17578125 0.802734375 0.181640625 0.802734375 0.18359375 0.80078125 0.185546875 0.80078125 0.19140625 0.794921875 0.193359375 0.794921875 0.193359375 0.79296875 0.19140625 0.791015625 0.181640625 0.791015625 0.1796875 0.7890625 0.173828125 0.7890625 0.171875 0.787109375 0.1640625 0.787109375 0.162109375 0.78515625 0.15625 0.78515625 0.154296875 0.783203125 0.15234375 0.783203125 0.150390625 0.78125 0.1484375 0.78125 0.142578125 0.775390625 0.140625 0.775390625 0.130859375 0.765625
0 0.091796875 0.736328125 0.08984375 0.73828125 0.087890625 0.73828125 0.0859375 0.740234375 0.083984375 0.740234375 0.080078125 0.744140625 0.080078125 0.74609375 0.08203125 0.748046875 0.083984375 0.748046875 0.087890625 0.751953125 0.08984375 0.751953125 0.091796875 0.75390625 0.1015625 0.75390625 0.10546875 0.75 0.10546875 0.740234375 0.103515625 0.73828125 0.099609375 0.73828125 0.09765625 0.736328125
0 0.1015625 0.689453125 0.1015625 0.69140625 0.095703125 0.697265625 0.095703125 0.701171875 0.09765625 0.703125 0.09765625 0.712890625 0.1015625 0.716796875 0.1015625 0.71875 0.103515625 0.720703125 0.103515625 0.72265625 0.10546875 0.724609375 0.10546875 0.728515625 0.107421875 0.73046875 0.107421875 0.732421875 0.109375 0.734375 0.109375 0.736328125 0.115234375 0.736328125 0.115234375 0.728515625 0.11328125 0.7265625 0.11328125 0.724609375 0.111328125 0.72265625 0.111328125 0.720703125 0.109375 0.71875 0.109375 0.703125 0.111328125 0.701171875 0.109375 0.69921875 0.109375 0.697265625
0 0.060546875 0.658203125 0.05859375 0.66015625 0.05859375 0.6640625 0.060546875 0.666015625 0.060546875 0.66796875 0.0625 0.669921875 0.064453125 0.669921875 0.068359375 0.666015625 0.068359375 0.66015625 0.06640625 0.658203125
0 0.044921875 0.603515625 0.04296875 0.60546875 0.0390625 0.60546875 0.0390625 0.607421875 0.03515625 0.611328125 0.03515625 0.61328125 0.03125 0.6171875 0.03125 0.619140625 0.03515625 0.623046875 0.037109375 0.62109375 0.037109375 0.6171875 0.0390625 0.615234375 0.0390625 0.61328125 0.046875 0.60546875 0.046875 0.603515625
0 0.056640625 0.51171875 0.05078125 0.517578125 0.048828125 0.517578125 0.046875 0.51953125 0.044921875 0.51953125 0.03515625 0.529296875 0.03515625 0.53515625 0.037109375 0.537109375 0.0390625 0.53515625 0.046875 0.53515625 0.048828125 0.533203125 0.052734375 0.533203125 0.0546875 0.53125 0.056640625 0.53125 0.05859375 0.529296875 0.060546875 0.529296875 0.0625 0.52734375 0.064453125 0.52734375 0.072265625 0.51953125 0.072265625 0.517578125 0.0703125 0.515625 0.0703125 0.513671875 0.068359375 0.51171875
0 0.04296875 0.376953125 0.041015625 0.37890625 0.041015625 0.380859375 0.0390625 0.3828125 0.0390625 0.396484375 0.04296875 0.400390625 0.04296875 0.40234375 0.046875 0.40625 0.046875 0.408203125 0.048828125 0.41015625 0.048828125 0.416015625 0.046875 0.41796875 0.046875 0.423828125 0.048828125 0.42578125 0.048828125 0.431640625 0.05078125 0.43359375 0.052734375 0.43359375 0.0546875 0.435546875 0.056640625 0.43359375 0.05859375 0.43359375 0.060546875 0.431640625 0.060546875 0.421875 0.0625 0.419921875 0.0625 0.41796875 0.064453125 0.416015625 0.064453125 0.4140625 0.06640625 0.412109375 0.06640625 0.3984375 0.064453125 0.396484375 0.064453125 0.390625 0.0625 0.388671875 0.0625 0.3828125 0.060546875 0.380859375 0.0546875 0.380859375 0.052734375 0.3828125 0.05078125 0.380859375 0.046875 0.380859375 0.044921875 0.37890625 0.044921875 0.376953125
0 0.888671875 0.0 0.888671875 0.001953125 0.890625 0.00390625 0.900390625 0.00390625 0.90234375 0.005859375 0.90625 0.005859375 0.908203125 0.0078125 0.908203125 0.0
0 0.080078125 0.0 0.08203125 0.0 0.083984375 0.001953125 0.087890625 0.001953125 0.087890625 0.0
