0 0.529296875 0.908203125 0.529296875 0.931640625 0.5234375 0.9375 0.5234375 0.94140625 0.521484375 0.943359375 0.521484375 0.9453125 0.525390625 0.94921875 0.537109375 0.94921875 0.54296875 0.943359375 0.54296875 0.93359375 0.541015625 0.931640625 0.541015625 0.9296875 0.5390625 0.927734375 0.5390625 0.9140625 0.53515625 0.91015625 0.533203125 0.91015625 0.53125 0.908203125
0 0.53125 0.865234375 0.529296875 0.8671875 0.5234375 0.8671875 0.525390625 0.869140625 0.5234375 0.87109375 0.525390625 0.873046875 0.525390625 0.876953125 0.541015625 0.876953125 0.54296875 0.87890625 0.544921875 0.876953125 0.548828125 0.876953125 0.546875 0.875 0.5390625 0.875 0.537109375 0.873046875 0.537109375 0.8671875 0.53515625 0.8671875 0.533203125 0.865234375
0 0.5234375 0.712890625 0.5234375 0.71484375 0.51953125 0.71875 0.51953125 0.7265625 0.521484375 0.728515625 0.525390625 0.728515625 0.52734375 0.7265625 0.52734375 0.724609375 0.53125 0.720703125 0.529296875 0.71875 0.529296875 0.71484375 0.52734375 0.712890625
0 0.619140625 0.583984375 0.6171875 0.5859375 0.6171875 0.587890625 0.61328125 0.591796875 0.607421875 0.591796875 0.60546875 0.59375 0.59765625 0.59375 0.595703125 0.595703125 0.595703125 0.6015625 0.59765625 0.603515625 0.59765625 0.609375 0.595703125 0.611328125 0.595703125 0.615234375 0.591796875 0.619140625 0.591796875 0.62109375 0.58984375 0.623046875 0.58984375 0.630859375 0.587890625 0.6328125 0.591796875 0.6328125 0.6015625 0.623046875 0.603515625 0.625 0.60546875 0.623046875 0.60546875 0.62109375 0.611328125 0.615234375 0.611328125 0.61328125 0.6171875 0.607421875 0.6171875 0.60546875 0.619140625 0.603515625 0.619140625 0.595703125 0.62109375 0.59375 0.623046875 0.59375 0.623046875 0.591796875 0.625 0.58984375 0.623046875 0.587890625 0.623046875 0.583984375
0 0.7265625 0.54296875 0.728515625 0.544921875 0.736328125 0.544921875 0.736328125 0.54296875
0 0.724609375 0.52734375 0.724609375 0.529296875 0.7265625 0.53125 0.734375 0.53125 0.736328125 0.533203125 0.736328125 0.529296875 0.734375 0.52734375
0 0.724609375 0.51171875 0.72265625 0.513671875 0.72265625 0.515625 0.724609375 0.517578125 0.728515625 0.517578125 0.73046875 0.51953125 0.736328125 0.51953125 0.734375 0.517578125 0.734375 0.515625 0.73046875 0.51171875
0 0.685546875 0.498046875 0.685546875 0.501953125 0.6875 0.50390625 0.6875 0.505859375 0.689453125 0.5078125 0.693359375 0.5078125 0.693359375 0.505859375 0.6953125 0.50390625 0.693359375 0.501953125 0.689453125 0.501953125 0.6875 0.5 0.6875 0.498046875
0 0.796875 0.228515625 0.796875 0.23046875 0.794921875 0.232421875 0.794921875 0.2421875 0.796875 0.244140625 0.796875 0.248046875 0.798828125 0.25 0.80078125 0.25 0.802734375 0.251953125 0.8125 0.251953125 0.814453125 0.25 0.814453125 0.248046875 0.81640625 0.24609375 0.81640625 0.2421875 0.818359375 0.240234375 0.81640625 0.23828125 0.81640625 0.234375 0.814453125 0.234375 0.8125 0.232421875 0.80859375 0.232421875 0.806640625 0.23046875 0.802734375 0.23046875 0.80078125 0.228515625
0 0.732421875 0.228515625 0.7265625 0.234375 0.7265625 0.236328125 0.724609375 0.23828125 0.724609375 0.240234375 0.7265625 0.2421875 0.7265625 0.244140625 0.728515625 0.24609375 0.734375 0.24609375 0.73828125 0.2421875 0.73828125 0.240234375 0.736328125 0.23828125 0.736328125 0.234375 0.73828125 0.232421875 0.73828125 0.23046875 0.736328125 0.228515625
0 0.5078125 0.228515625 0.5078125 0.232421875 0.509765625 0.234375 0.509765625 0.236328125 0.51171875 0.23828125 0.515625 0.23828125 0.515625 0.23046875 0.513671875 0.228515625
