0 0.857421875 0.78125 0.857421875 0.787109375 0.85546875 0.7890625 0.85546875 0.796875 0.853515625 0.798828125 0.853515625 0.810546875 0.85546875 0.8125 0.861328125 0.8125 0.86328125 0.810546875 0.865234375 0.810546875 0.865234375 0.806640625 0.8671875 0.8046875 0.8671875 0.787109375 0.861328125 0.78125
0 0.828125 0.77734375 0.822265625 0.783203125 0.822265625 0.78515625 0.8203125 0.787109375 0.8203125 0.798828125 0.822265625 0.80078125 0.822265625 0.802734375 0.82421875 0.8046875 0.82421875 0.80859375 0.826171875 0.810546875 0.833984375 0.810546875 0.8359375 0.8125 0.84375 0.8125 0.84375 0.810546875 0.849609375 0.8046875 0.849609375 0.791015625 0.845703125 0.787109375 0.845703125 0.78515625 0.84375 0.783203125 0.841796875 0.783203125 0.83984375 0.78125 0.837890625 0.78125 0.8359375 0.779296875 0.833984375 0.779296875 0.83203125 0.77734375
0 0.716796875 0.720703125 0.71484375 0.72265625 0.7109375 0.72265625 0.7109375 0.7265625 0.708984375 0.728515625 0.708984375 0.73046875 0.7109375 0.732421875 0.7109375 0.734375 0.712890625 0.736328125 0.712890625 0.740234375 0.71484375 0.7421875 0.71484375 0.75 0.716796875 0.751953125 0.716796875 0.7578125 0.71875 0.759765625 0.71875 0.7734375 0.720703125 0.775390625 0.720703125 0.78125 0.72265625 0.783203125 0.72265625 0.791015625 0.724609375 0.79296875 0.724609375 0.798828125 0.7265625 0.798828125 0.7265625 0.796875 0.728515625 0.794921875 0.728515625 0.78125 0.73046875 0.779296875 0.73046875 0.763671875 0.728515625 0.76171875 0.728515625 0.75 0.7265625 0.748046875 0.7265625 0.7421875 0.724609375 0.740234375 0.724609375 0.734375 0.72265625 0.732421875 0.72265625 0.73046875 0.720703125 0.728515625 0.720703125 0.7265625 0.71875 0.724609375 0.71875 0.72265625
0 0.724609375 0.6953125 0.724609375 0.697265625 0.720703125 0.701171875 0.720703125 0.703125 0.72265625 0.705078125 0.72265625 0.7109375 0.724609375 0.712890625 0.724609375 0.716796875 0.728515625 0.720703125 0.728515625 0.72265625 0.73046875 0.724609375 0.73046875 0.7265625 0.732421875 0.728515625 0.732421875 0.744140625 0.734375 0.74609375 0.734375 0.75 0.736328125 0.751953125 0.736328125 0.75390625 0.73828125 0.755859375 0.73828125 0.759765625 0.740234375 0.76171875 0.740234375 0.765625 0.7421875 0.767578125 0.7421875 0.76953125 0.744140625 0.771484375 0.744140625 0.775390625 0.74609375 0.77734375 0.74609375 0.779296875 0.748046875 0.779296875 0.75390625 0.7734375 0.75390625 0.7578125 0.755859375 0.755859375 0.755859375 0.744140625 0.7578125 0.7421875 0.763671875 0.7421875 0.763671875 0.73828125 0.765625 0.736328125 0.765625 0.734375 0.767578125 0.732421875 0.767578125 0.73046875 0.76953125 0.728515625 0.76953125 0.708984375 0.767578125 0.708984375 0.763671875 0.705078125 0.76171875 0.705078125 0.755859375 0.69921875 0.75390625 0.69921875 0.75 0.6953125
0 0.626953125 0.66015625 0.625 0.662109375 0.62109375 0.662109375 0.619140625 0.6640625 0.619140625 0.666015625 0.62109375 0.666015625 0.623046875 0.66796875 0.625 0.666015625 0.638671875 0.666015625 0.640625 0.6640625 0.650390625 0.6640625 0.65234375 0.662109375 0.65234375 0.66015625
0 0.57421875 0.640625 0.5703125 0.64453125 0.5703125 0.646484375 0.568359375 0.6484375 0.568359375 0.65234375 0.56640625 0.654296875 0.56640625 0.669921875 0.568359375 0.671875 0.568359375 0.673828125 0.5703125 0.67578125 0.576171875 0.67578125 0.580078125 0.671875 0.58203125 0.671875 0.583984375 0.669921875 0.583984375 0.662109375 0.5859375 0.66015625 0.5859375 0.65234375 0.583984375 0.650390625 0.580078125 0.650390625 0.576171875 0.646484375 0.576171875 0.640625
0 0.0390625 0.541015625 0.037109375 0.54296875 0.037109375 0.548828125 0.03515625 0.55078125 0.03515625 0.556640625 0.03125 0.560546875 0.03125 0.5625 0.029296875 0.564453125 0.029296875 0.56640625 0.02734375 0.568359375 0.02734375 0.57421875 0.025390625 0.576171875 0.02734375 0.578125 0.029296875 0.576171875 0.029296875 0.57421875 0.03125 0.572265625 0.03125 0.5703125 0.033203125 0.568359375 0.033203125 0.56640625 0.04296875 0.556640625 0.044921875 0.556640625 0.046875 0.5546875 0.046875 0.552734375 0.05078125 0.548828125 0.05078125 0.546875 0.052734375 0.544921875 0.052734375 0.54296875 0.048828125 0.54296875 0.046875 0.541015625
0 0.638671875 0.435546875 0.63671875 0.4375 0.63671875 0.4609375 0.638671875 0.462890625 0.638671875 0.466796875 0.64453125 0.466796875 0.646484375 0.46875 0.646484375 0.47265625 0.6484375 0.474609375 0.6484375 0.4765625 0.650390625 0.478515625 0.65234375 0.478515625 0.654296875 0.48046875 0.658203125 0.48046875 0.66015625 0.478515625 0.662109375 0.478515625 0.66796875 0.47265625 0.66796875 0.46875 0.669921875 0.466796875 0.669921875 0.46484375 0.671875 0.462890625 0.671875 0.4609375 0.669921875 0.458984375 0.669921875 0.45703125 0.666015625 0.453125 0.66015625 0.453125 0.658203125 0.451171875 0.654296875 0.451171875 0.65234375 0.44921875 0.650390625 0.44921875 0.6484375 0.447265625 0.646484375 0.447265625 0.642578125 0.443359375 0.642578125 0.44140625 0.640625 0.439453125 0.640625 0.435546875
0 0.55859375 0.42578125 0.556640625 0.427734375 0.556640625 0.44140625 0.56640625 0.44140625 0.56640625 0.435546875 0.564453125 0.43359375 0.564453125 0.4296875 0.560546875 0.42578125
0 0.576171875 0.404296875 0.56640625 0.4140625 0.56640625 0.416015625 0.564453125 0.41796875 0.564453125 0.419921875 0.568359375 0.423828125 0.568359375 0.42578125 0.5703125 0.427734375 0.572265625 0.427734375 0.57421875 0.4296875 0.57421875 0.421875 0.576171875 0.419921875 0.578125 0.419921875 0.580078125 0.41796875 0.58203125 0.41796875 0.583984375 0.416015625 0.583984375 0.41015625 0.58203125 0.408203125 0.58203125 0.40625 0.580078125 0.404296875
0 0.595703125 0.36328125 0.587890625 0.37109375 0.5859375 0.37109375 0.5859375 0.375 0.587890625 0.376953125 0.587890625 0.37890625 0.591796875 0.3828125 0.591796875 0.384765625 0.599609375 0.384765625 0.599609375 0.369140625 0.59765625 0.3671875 0.59765625 0.365234375
