0 0.009765625 0.9375 0.0078125 0.939453125 0.0 0.939453125 0.0 0.958984375 0.005859375 0.958984375 0.0078125 0.95703125 0.0078125 0.953125 0.009765625 0.951171875 0.009765625 0.947265625 0.01171875 0.9453125 0.01171875 0.94140625 0.009765625 0.939453125
0 0.216796875 0.912109375 0.212890625 0.916015625 0.212890625 0.91796875 0.208984375 0.921875 0.208984375 0.927734375 0.20703125 0.9296875 0.20703125 0.943359375 0.208984375 0.94140625 0.208984375 0.939453125 0.212890625 0.935546875 0.212890625 0.93359375 0.21484375 0.931640625 0.21484375 0.9296875 0.216796875 0.927734375 0.216796875 0.92578125 0.21875 0.923828125 0.21875 0.921875 0.220703125 0.919921875 0.220703125 0.9140625 0.21875 0.912109375
0 0.228515625 0.896484375 0.2265625 0.8984375 0.228515625 0.900390625 0.228515625 0.904296875 0.23046875 0.90625 0.23046875 0.91015625 0.232421875 0.912109375 0.232421875 0.916015625 0.234375 0.91796875 0.234375 0.92578125 0.236328125 0.92578125 0.23828125 0.923828125 0.23828125 0.908203125 0.236328125 0.90625 0.236328125 0.904296875
0 0.169921875 0.708984375 0.169921875 0.71875 0.171875 0.720703125 0.171875 0.728515625 0.17578125 0.732421875 0.177734375 0.732421875 0.1796875 0.734375 0.181640625 0.734375 0.18359375 0.732421875 0.18359375 0.7265625 0.177734375 0.720703125 0.177734375 0.71875 0.17578125 0.716796875 0.17578125 0.712890625 0.171875 0.708984375
0 0.857421875 0.28125 0.857421875 0.287109375 0.85546875 0.2890625 0.85546875 0.296875 0.853515625 0.298828125 0.853515625 0.310546875 0.85546875 0.3125 0.861328125 0.3125 0.86328125 0.310546875 0.865234375 0.310546875 0.865234375 0.306640625 0.8671875 0.3046875 0.8671875 0.287109375 0.861328125 0.28125
0 0.828125 0.27734375 0.822265625 0.283203125 0.822265625 0.28515625 0.8203125 0.287109375 0.8203125 0.298828125 0.822265625 0.30078125 0.822265625 0.302734375 0.82421875 0.3046875 0.82421875 0.30859375 0.826171875 0.310546875 0.833984375 0.310546875 0.8359375 0.3125 0.84375 0.3125 0.84375 0.310546875 0.849609375 0.3046875 0.849609375 0.291015625 0.845703125 0.287109375 0.845703125 0.28515625 0.84375 0.283203125 0.841796875 0.283203125 0.83984375 0.28125 0.837890625 0.28125 0.8359375 0.279296875 0.833984375 0.279296875 0.83203125 0.27734375
0 0.716796875 0.220703125 0.71484375 0.22265625 0.7109375 0.22265625 0.7109375 0.2265625 0.708984375 0.228515625 0.708984375 0.23046875 0.7109375 0.232421875 0.7109375 0.234375 0.712890625 0.236328125 0.712890625 0.240234375 0.71484375 0.2421875 0.71484375 0.25 0.716796875 0.251953125 0.716796875 0.2578125 0.71875 0.259765625 0.71875 0.2734375 0.720703125 0.275390625 0.720703125 0.28125 0.72265625 0.283203125 0.72265625 0.291015625 0.724609375 0.29296875 0.724609375 0.298828125 0.7265625 0.298828125 0.7265625 0.296875 0.728515625 0.294921875 0.728515625 0.28125 0.73046875 0.279296875 0.73046875 0.263671875 0.728515625 0.26171875 0.728515625 0.25 0.7265625 0.248046875 0.7265625 0.2421875 0.724609375 0.240234375 0.724609375 0.234375 0.72265625 0.232421875 0.72265625 0.23046875 0.720703125 0.228515625 0.720703125 0.2265625 0.71875 0.224609375 0.71875 0.22265625
0 0.724609375 0.1953125 0.724609375 0.197265625 0.720703125 0.201171875 0.720703125 0.203125 0.72265625 0.205078125 0.72265625 0.2109375 0.724609375 0.212890625 0.724609375 0.216796875 0.728515625 0.220703125 0.728515625 0.22265625 0.73046875 0.224609375 0.73046875 0.2265625 0.732421875 0.228515625 0.732421875 0.244140625 0.734375 0.24609375 0.734375 0.25 0.736328125 0.251953125 0.736328125 0.25390625 0.73828125 0.255859375 0.73828125 0.259765625 0.740234375 0.26171875 0.740234375 0.265625 0.7421875 0.267578125 0.7421875 0.26953125 0.744140625 0.271484375 0.744140625 0.275390625 0.74609375 0.27734375 0.74609375 0.279296875 0.748046875 0.279296875 0.75390625 0.2734375 0.75390625 0.2578125 0.755859375 0.255859375 0.755859375 0.244140625 0.7578125 0.2421875 0.763671875 0.2421875 0.763671875 0.23828125 0.765625 0.236328125 0.765625 0.234375 0.767578125 0.232421875 0.767578125 0.23046875 0.76953125 0.228515625 0.76953125 0.208984375 0.767578125 0.208984375 0.763671875 0.205078125 0.76171875 0.205078125 0.755859375 0.19921875 0.75390625 0.19921875 0.75 0.1953125
0 0.626953125 0.16015625 0.625 0.162109375 0.62109375 0.162109375 0.619140625 0.1640625 0.619140625 0.166015625 0.62109375 0.166015625 0.623046875 0.16796875 0.625 0.166015625 0.638671875 0.166015625 0.640625 0.1640625 0.650390625 0.1640625 0.65234375 0.162109375 0.65234375 0.16015625
0 0.57421875 0.140625 0.5703125 0.14453125 0.5703125 0.146484375 0.568359375 0.1484375 0.568359375 0.15234375 0.56640625 0.154296875 0.56640625 0.169921875 0.568359375 0.171875 0.568359375 0.173828125 0.5703125 0.17578125 0.576171875 0.17578125 0.580078125 0.171875 0.58203125 0.171875 0.583984375 0.169921875 0.583984375 0.162109375 0.5859375 0.16015625 0.5859375 0.15234375 0.583984375 0.150390625 0.580078125 0.150390625 0.576171875 0.146484375 0.576171875 0.140625
0 0.0390625 0.041015625 0.037109375 0.04296875 0.037109375 0.048828125 0.03515625 0.05078125 0.03515625 0.056640625 0.03125 0.060546875 0.03125 0.0625 0.029296875 0.064453125 0.029296875 0.06640625 0.02734375 0.068359375 0.02734375 0.07421875 0.025390625 0.076171875 0.02734375 0.078125 0.029296875 0.076171875 0.029296875 0.07421875 0.03125 0.072265625 0.03125 0.0703125 0.033203125 0.068359375 0.033203125 0.06640625 0.04296875 0.056640625 0.044921875 0.056640625 0.046875 0.0546875 0.046875 0.052734375 0.05078125 0.048828125 0.05078125 0.046875 0.052734375 0.044921875 0.052734375 0.04296875 0.048828125 0.04296875 0.046875 0.041015625
