0 0.3984375 0.560546875 0.39453125 0.564453125 0.390625 0.564453125 0.388671875 0.56640625 0.38671875 0.56640625 0.38671875 0.5703125 0.388671875 0.572265625 0.39453125 0.572265625 0.396484375 0.5703125 0.400390625 0.5703125 0.400390625 0.56640625 0.40234375 0.564453125
0 0.50390625 0.53125 0.501953125 0.533203125 0.494140625 0.533203125 0.4921875 0.53515625 0.49609375 0.53515625 0.5 0.5390625 0.50390625 0.5390625 0.505859375 0.541015625 0.5078125 0.541015625 0.51171875 0.544921875 0.513671875 0.544921875 0.517578125 0.548828125 0.51953125 0.548828125 0.521484375 0.546875 0.521484375 0.54296875 0.51953125 0.541015625 0.51953125 0.5390625 0.513671875 0.533203125 0.509765625 0.533203125 0.5078125 0.53125
0 0.353515625 0.517578125 0.349609375 0.521484375 0.34765625 0.521484375 0.345703125 0.5234375 0.34375 0.5234375 0.33984375 0.52734375 0.337890625 0.52734375 0.3359375 0.529296875 0.333984375 0.529296875 0.32421875 0.5390625 0.32421875 0.544921875 0.326171875 0.544921875 0.328125 0.546875 0.333984375 0.546875 0.337890625 0.54296875 0.33984375 0.54296875 0.345703125 0.537109375 0.34765625 0.537109375 0.353515625 0.53125 0.35546875 0.53125 0.357421875 0.529296875 0.361328125 0.529296875 0.361328125 0.5234375 0.359375 0.521484375 0.359375 0.51953125 0.357421875 0.517578125
0 0.322265625 0.5 0.3203125 0.501953125 0.318359375 0.501953125 0.3125 0.5078125 0.310546875 0.5078125 0.30859375 0.509765625 0.3046875 0.509765625 0.298828125 0.515625 0.298828125 0.517578125 0.30078125 0.517578125 0.302734375 0.515625 0.3125 0.515625 0.314453125 0.517578125 0.318359375 0.517578125 0.3203125 0.51953125 0.33203125 0.51953125 0.333984375 0.517578125 0.3359375 0.517578125 0.33984375 0.513671875 0.341796875 0.513671875 0.341796875 0.509765625 0.333984375 0.501953125 0.328125 0.501953125 0.326171875 0.5
0 0.724609375 0.384765625 0.72265625 0.38671875 0.72265625 0.388671875 0.7265625 0.392578125 0.73046875 0.392578125 0.732421875 0.39453125 0.736328125 0.39453125 0.73828125 0.396484375 0.744140625 0.396484375 0.748046875 0.392578125 0.75 0.392578125 0.748046875 0.390625 0.748046875 0.388671875 0.744140625 0.384765625
0 0.9375 0.314453125 0.935546875 0.31640625 0.93359375 0.31640625 0.927734375 0.322265625 0.92578125 0.322265625 0.923828125 0.32421875 0.923828125 0.328125 0.927734375 0.33203125 0.93359375 0.33203125 0.935546875 0.330078125 0.939453125 0.330078125 0.94140625 0.328125 0.943359375 0.328125 0.94921875 0.322265625 0.947265625 0.3203125 0.947265625 0.318359375 0.9453125 0.31640625 0.943359375 0.31640625 0.94140625 0.314453125
0 0.8828125 0.314453125 0.87109375 0.326171875 0.87109375 0.330078125 0.869140625 0.33203125 0.869140625 0.333984375 0.873046875 0.333984375 0.875 0.33203125 0.876953125 0.33203125 0.880859375 0.328125 0.880859375 0.326171875 0.8828125 0.32421875 0.8828125 0.322265625 0.88671875 0.318359375 0.88671875 0.31640625 0.884765625 0.314453125
0 0.884765625 0.1171875 0.880859375 0.12109375 0.880859375 0.12890625 0.884765625 0.12890625 0.88671875 0.126953125 0.88671875 0.125 0.888671875 0.123046875 0.888671875 0.119140625 0.88671875 0.1171875
0 0.53515625 0.0859375 0.53515625 0.08984375 0.533203125 0.091796875 0.533203125 0.09375 0.52734375 0.099609375 0.521484375 0.099609375 0.51953125 0.1015625 0.517578125 0.1015625 0.517578125 0.103515625 0.51953125 0.10546875 0.525390625 0.10546875 0.52734375 0.103515625 0.529296875 0.103515625 0.53125 0.1015625 0.533203125 0.1015625 0.537109375 0.09765625 0.537109375 0.09375 0.5390625 0.091796875 0.5390625 0.08984375
0 0.55859375 0.08203125 0.5546875 0.0859375 0.552734375 0.0859375 0.548828125 0.08984375 0.548828125 0.095703125 0.552734375 0.099609375 0.560546875 0.099609375 0.5625 0.09765625 0.564453125 0.09765625 0.56640625 0.095703125 0.56640625 0.09375 0.568359375 0.091796875 0.568359375 0.0859375 0.564453125 0.08203125
0 0.353515625 0.078125 0.3515625 0.080078125 0.349609375 0.080078125 0.345703125 0.083984375 0.34765625 0.0859375 0.34765625 0.091796875 0.3515625 0.095703125 0.3515625 0.09765625 0.353515625 0.09765625 0.35546875 0.095703125 0.36328125 0.095703125 0.365234375 0.09375 0.3671875 0.09375 0.37109375 0.08984375 0.37109375 0.087890625 0.373046875 0.0859375 0.373046875 0.08203125 0.37109375 0.08203125 0.369140625 0.080078125 0.36328125 0.080078125 0.361328125 0.078125
0 0.880859375 0.056640625 0.87890625 0.05859375 0.87890625 0.0703125 0.880859375 0.072265625 0.8828125 0.072265625 0.8828125 0.0703125 0.884765625 0.068359375 0.884765625 0.06640625 0.88671875 0.064453125 0.88671875 0.0625 0.884765625 0.060546875 0.884765625 0.056640625
0 0.36328125 0.0390625 0.359375 0.04296875 0.359375 0.052734375 0.357421875 0.0546875 0.357421875 0.060546875 0.359375 0.0625 0.365234375 0.0625 0.369140625 0.05859375 0.369140625 0.0546875 0.37109375 0.052734375 0.37109375 0.04296875 0.369140625 0.041015625 0.369140625 0.0390625
0 0.33984375 0.0390625 0.337890625 0.041015625 0.3359375 0.041015625 0.3359375 0.04296875 0.333984375 0.044921875 0.3359375 0.046875 0.3359375 0.048828125 0.341796875 0.0546875 0.345703125 0.0546875 0.345703125 0.052734375 0.34765625 0.05078125 0.34765625 0.048828125 0.349609375 0.046875 0.349609375 0.0390625
0 0.533203125 0.01953125 0.533203125 0.025390625 0.53515625 0.02734375 0.54296875 0.02734375 0.544921875 0.029296875 0.544921875 0.03125 0.54296875 0.033203125 0.54296875 0.037109375 0.541015625 0.0390625 0.54296875 0.041015625 0.54296875 0.04296875 0.546875 0.046875 0.546875 0.05078125 0.548828125 0.052734375 0.548828125 0.0546875 0.546875 0.056640625 0.546875 0.068359375 0.55078125 0.068359375 0.5546875 0.064453125 0.5546875 0.0625 0.55859375 0.05859375 0.55859375 0.05078125 0.560546875 0.048828125 0.560546875 0.037109375 0.55859375 0.03515625 0.55859375 0.03125 0.556640625 0.029296875 0.556640625 0.025390625 0.5546875 0.0234375 0.552734375 0.0234375 0.55078125 0.021484375 0.546875 0.021484375 0.544921875 0.01953125
0 0.57421875 0.0 0.5703125 0.00390625 0.568359375 0.00390625 0.56640625 0.005859375 0.56640625 0.009765625 0.568359375 0.01171875 0.568359375 0.013671875 0.5703125 0.015625 0.572265625 0.015625 0.57421875 0.017578125 0.578125 0.017578125 0.58203125 0.013671875 0.583984375 0.015625 0.59375 0.015625 0.59375 0.013671875 0.591796875 0.01171875 0.591796875 0.0078125 0.58984375 0.005859375 0.58984375 0.00390625 0.5859375 0.0
0 0.537109375 0.0 0.537109375 0.00390625 0.541015625 0.0078125 0.54296875 0.0078125 0.544921875 0.009765625 0.546875 0.009765625 0.548828125 0.01171875 0.55078125 0.01171875 0.552734375 0.013671875 0.5546875 0.01171875 0.556640625 0.01171875 0.55859375 0.009765625 0.55859375 0.0
0 0.501953125 0.0 0.501953125 0.009765625 0.50390625 0.01171875 0.50390625 0.01953125 0.505859375 0.021484375 0.505859375 0.0234375 0.517578125 0.03515625 0.517578125 0.037109375 0.525390625 0.037109375 0.52734375 0.03515625 0.52734375 0.033203125 0.529296875 0.03125 0.529296875 0.029296875 0.52734375 0.02734375 0.52734375 0.021484375 0.525390625 0.01953125 0.525390625 0.017578125 0.5234375 0.015625 0.5234375 0.01171875 0.521484375 0.009765625 0.521484375 0.0078125 0.517578125 0.00390625 0.517578125 0.001953125 0.515625 0.0
0 0.47265625 0.0 0.474609375 0.001953125 0.47265625 0.00390625 0.47265625 0.01171875 0.48046875 0.01171875 0.482421875 0.009765625 0.484375 0.009765625 0.486328125 0.01171875 0.4765625 0.021484375 0.4765625 0.0234375 0.474609375 0.025390625 0.474609375 0.02734375 0.47265625 0.029296875 0.47265625 0.033203125 0.470703125 0.03515625 0.470703125 0.037109375 0.46875 0.0390625 0.46875 0.041015625 0.466796875 0.04296875 0.466796875 0.044921875 0.46484375 0.046875 0.46484375 0.060546875 0.462890625 0.0625 0.462890625 0.072265625 0.46484375 0.07421875 0.46484375 0.076171875 0.46875 0.080078125 0.46875 0.08203125 0.470703125 0.083984375 0.470703125 0.0859375 0.4765625 0.091796875 0.478515625 0.091796875 0.48046875 0.09375 0.482421875 0.09375 0.484375 0.095703125 0.4921875 0.095703125 0.494140625 0.09765625 0.5 0.09765625 0.501953125 0.095703125 0.505859375 0.095703125 0.509765625 0.091796875 0.51171875 0.091796875 0.515625 0.087890625 0.515625 0.083984375 0.517578125 0.08203125 0.517578125 0.080078125 0.51953125 0.078125 0.517578125 0.076171875 0.517578125 0.068359375 0.515625 0.06640625 0.515625 0.0625 0.513671875 0.060546875 0.513671875 0.05859375 0.51171875 0.056640625 0.51171875 0.0546875 0.509765625 0.052734375 0.509765625 0.05078125 0.5078125 0.048828125 0.5078125 0.046875 0.505859375 0.044921875 0.505859375 0.04296875 0.50390625 0.041015625 0.50390625 0.037109375 0.501953125 0.03515625 0.501953125 0.033203125 0.5 0.03125 0.5 0.029296875 0.498046875 0.02734375 0.498046875 0.025390625 0.49609375 0.0234375 0.49609375 0.01953125 0.494140625 0.017578125 0.494140625 0.015625 0.4921875 0.013671875 0.4921875 0.009765625 0.48828125 0.009765625 0.486328125 0.0078125 0.48828125 0.005859375 0.48828125 0.0
