0 0.62890625 0.953125 0.626953125 0.955078125 0.626953125 0.95703125 0.630859375 0.95703125 0.6328125 0.955078125 0.6328125 0.953125
0 0.568359375 0.9375 0.56640625 0.939453125 0.564453125 0.939453125 0.564453125 0.94140625 0.56640625 0.943359375 0.568359375 0.943359375
0 0.57421875 0.92578125 0.572265625 0.927734375 0.572265625 0.93359375 0.57421875 0.93359375 0.576171875 0.935546875 0.580078125 0.935546875 0.580078125 0.93359375 0.578125 0.93359375 0.576171875 0.931640625 0.576171875 0.9296875 0.578125 0.927734375 0.578125 0.92578125
0 0.810546875 0.8828125 0.80859375 0.884765625 0.80859375 0.892578125 0.810546875 0.89453125 0.8125 0.89453125 0.8125 0.892578125 0.814453125 0.890625 0.814453125 0.888671875 0.818359375 0.884765625 0.8203125 0.88671875 0.82421875 0.88671875 0.82421875 0.884765625 0.822265625 0.884765625 0.8203125 0.8828125
0 0.677734375 0.8828125 0.67578125 0.884765625 0.677734375 0.88671875 0.6796875 0.88671875 0.681640625 0.884765625 0.6796875 0.8828125
0 0.650390625 0.880859375 0.6484375 0.8828125 0.646484375 0.8828125 0.646484375 0.884765625 0.650390625 0.884765625 0.65234375 0.88671875 0.654296875 0.88671875 0.65625 0.884765625 0.65625 0.8828125 0.654296875 0.8828125 0.65234375 0.880859375
0 0.84765625 0.875 0.845703125 0.876953125 0.845703125 0.880859375 0.84765625 0.8828125 0.8515625 0.8828125 0.853515625 0.880859375 0.853515625 0.876953125 0.8515625 0.875
0 0.654296875 0.869140625 0.654296875 0.873046875 0.662109375 0.873046875 0.662109375 0.87109375 0.66015625 0.869140625
0 0.66796875 0.853515625 0.6640625 0.857421875 0.666015625 0.859375 0.666015625 0.861328125 0.66796875 0.86328125 0.671875 0.86328125 0.671875 0.861328125 0.669921875 0.859375 0.669921875 0.853515625
0 0.8828125 0.83984375 0.8828125 0.845703125 0.884765625 0.845703125 0.88671875 0.84765625 0.890625 0.84375 0.890625 0.83984375
0 0.658203125 0.837890625 0.65625 0.83984375 0.65625 0.84375 0.654296875 0.845703125 0.654296875 0.8515625 0.65625 0.853515625 0.658203125 0.853515625 0.66796875 0.84375 0.66796875 0.83984375 0.666015625 0.837890625
0 0.7421875 0.77734375 0.7421875 0.78125 0.744140625 0.783203125 0.748046875 0.783203125 0.748046875 0.779296875 0.74609375 0.77734375
0 0.93359375 0.759765625 0.93359375 0.76171875 0.935546875 0.76171875 0.939453125 0.765625 0.94140625 0.765625 0.935546875 0.759765625
0 0.75 0.755859375 0.75 0.7578125 0.744140625 0.763671875 0.744140625 0.767578125 0.74609375 0.767578125 0.748046875 0.76953125 0.751953125 0.76953125 0.75390625 0.771484375 0.751953125 0.76953125 0.751953125 0.763671875 0.75390625 0.76171875 0.755859375 0.76171875 0.7578125 0.759765625 0.755859375 0.759765625 0.751953125 0.755859375
0 0.9375 0.748046875 0.939453125 0.75 0.947265625 0.75 0.947265625 0.748046875
0 0.9375 0.7421875 0.9375 0.744140625 0.943359375 0.744140625 0.94140625 0.744140625 0.939453125 0.7421875
0 0.9375 0.724609375 0.935546875 0.7265625 0.935546875 0.732421875 0.9453125 0.732421875 0.947265625 0.73046875 0.94140625 0.724609375
0 0.96484375 0.681640625 0.96484375 0.6875 0.96875 0.6875 0.97265625 0.69140625 0.974609375 0.69140625 0.974609375 0.689453125 0.966796875 0.681640625
0 0.966796875 0.677734375 0.96875 0.677734375 0.970703125 0.6796875 0.97265625 0.6796875 0.974609375 0.681640625 0.970703125 0.677734375
0 0.748046875 0.677734375 0.75 0.6796875 0.75390625 0.6796875 0.751953125 0.6796875 0.75 0.677734375
0 0.974609375 0.671875 0.974609375 0.673828125 0.978515625 0.677734375 0.978515625 0.67578125
0 0.98046875 0.669921875 0.98046875 0.671875 0.982421875 0.671875 0.986328125 0.67578125 0.986328125 0.673828125 0.984375 0.671875 0.982421875 0.671875
0 0.75 0.669921875 0.75 0.671875 0.755859375 0.671875 0.755859375 0.669921875
0 0.75390625 0.6640625 0.755859375 0.6640625 0.7578125 0.666015625 0.76171875 0.666015625 0.76171875 0.6640625
0 0.9921875 0.65625 0.990234375 0.658203125 0.990234375 0.66015625 0.994140625 0.66015625 0.994140625 0.658203125
0 0.837890625 0.609375 0.83984375 0.611328125 0.841796875 0.611328125 0.83984375 0.609375
0 0.853515625 0.59765625 0.853515625 0.603515625 0.85546875 0.60546875 0.86328125 0.59765625 0.861328125 0.599609375 0.859375 0.599609375 0.857421875 0.59765625
0 0.7890625 0.587890625 0.7890625 0.591796875 0.79296875 0.591796875 0.794921875 0.59375 0.796875 0.59375 0.796875 0.591796875 0.79296875 0.587890625
0 0.876953125 0.57421875 0.875 0.576171875 0.875 0.578125 0.876953125 0.580078125 0.87890625 0.578125 0.87890625 0.576171875
0 0.880859375 0.5625 0.87890625 0.564453125 0.87890625 0.56640625 0.880859375 0.56640625
0 0.79296875 0.51171875 0.791015625 0.513671875 0.794921875 0.517578125 0.80078125 0.517578125 0.802734375 0.515625 0.80078125 0.515625 0.796875 0.51171875
0 0.796875 0.5 0.796875 0.501953125 0.798828125 0.50390625 0.8046875 0.50390625 0.806640625 0.501953125 0.8046875 0.5
0 0.80078125 0.486328125 0.798828125 0.48828125 0.798828125 0.490234375 0.80078125 0.490234375 0.802734375 0.4921875 0.810546875 0.4921875 0.810546875 0.490234375 0.80859375 0.48828125 0.806640625 0.48828125 0.8046875 0.486328125
0 0.99609375 0.306640625 0.9921875 0.310546875 0.9921875 0.314453125 0.994140625 0.31640625 0.99609375 0.314453125 0.998046875 0.314453125 0.998046875 0.306640625
0 0.978515625 0.271484375 0.9765625 0.2734375 0.978515625 0.275390625 0.978515625 0.27734375 0.98046875 0.27734375 0.982421875 0.275390625 0.982421875 0.2734375 0.98046875 0.2734375
