0 0.0625 0.953125 0.0625 0.95703125 0.064453125 0.95703125 0.068359375 0.953125
0 0.033203125 0.939453125 0.03125 0.94140625 0.033203125 0.943359375 0.033203125 0.9453125 0.03515625 0.947265625 0.03515625 0.951171875 0.0390625 0.951171875 0.0390625 0.947265625 0.037109375 0.9453125 0.037109375 0.943359375
0 0.041015625 0.927734375 0.0390625 0.9296875 0.0390625 0.9375 0.041015625 0.939453125 0.041015625 0.94140625 0.048828125 0.94140625 0.048828125 0.9375 0.041015625 0.9296875
0 0.037109375 0.90625 0.03515625 0.908203125 0.03515625 0.912109375 0.037109375 0.9140625 0.037109375 0.91796875 0.0390625 0.91796875 0.041015625 0.919921875 0.04296875 0.919921875 0.044921875 0.91796875 0.04296875 0.916015625 0.04296875 0.91015625 0.0390625 0.90625
0 0.01171875 0.8984375 0.01171875 0.90234375 0.009765625 0.904296875 0.009765625 0.908203125 0.013671875 0.904296875 0.013671875 0.8984375
0 0.0390625 0.8203125 0.0390625 0.82421875 0.04296875 0.828125 0.05859375 0.828125 0.0625 0.82421875 0.0625 0.822265625 0.060546875 0.822265625 0.05859375 0.82421875 0.056640625 0.82421875 0.0546875 0.822265625 0.048828125 0.822265625 0.046875 0.8203125
0 0.0390625 0.80078125 0.037109375 0.802734375 0.03515625 0.802734375 0.03515625 0.8046875 0.037109375 0.806640625 0.037109375 0.810546875 0.03515625 0.8125 0.03515625 0.814453125 0.037109375 0.81640625 0.048828125 0.81640625 0.05078125 0.814453125 0.052734375 0.814453125 0.052734375 0.8125 0.044921875 0.8046875 0.04296875 0.8046875
0 0.84765625 0.724609375 0.845703125 0.7265625 0.845703125 0.734375 0.84765625 0.736328125 0.84765625 0.7421875 0.849609375 0.744140625 0.849609375 0.748046875 0.8515625 0.75 0.8515625 0.75390625 0.85546875 0.7578125 0.85546875 0.759765625 0.857421875 0.7578125 0.859375 0.759765625 0.859375 0.765625 0.857421875 0.767578125 0.857421875 0.783203125 0.859375 0.78515625 0.859375 0.806640625 0.857421875 0.80859375 0.857421875 0.814453125 0.859375 0.81640625 0.861328125 0.81640625 0.865234375 0.8203125 0.880859375 0.8203125 0.88671875 0.814453125 0.888671875 0.814453125 0.896484375 0.806640625 0.8984375 0.806640625 0.90625 0.798828125 0.90625 0.796875 0.91015625 0.79296875 0.91015625 0.78515625 0.90625 0.78125 0.904296875 0.78125 0.900390625 0.77734375 0.8984375 0.77734375 0.89453125 0.7734375 0.892578125 0.7734375 0.888671875 0.76953125 0.888671875 0.767578125 0.884765625 0.763671875 0.884765625 0.76171875 0.880859375 0.7578125 0.87890625 0.7578125 0.876953125 0.755859375 0.873046875 0.755859375 0.869140625 0.751953125 0.8671875 0.751953125 0.86328125 0.748046875 0.861328125 0.748046875 0.859375 0.75 0.857421875 0.748046875 0.857421875 0.74609375 0.85546875 0.744140625 0.85546875 0.73828125 0.857421875 0.736328125 0.857421875 0.728515625 0.853515625 0.724609375
0 0.021484375 0.68359375 0.01953125 0.685546875 0.015625 0.685546875 0.015625 0.689453125 0.017578125 0.69140625 0.017578125 0.693359375 0.01953125 0.6953125 0.01953125 0.697265625 0.03125 0.708984375 0.03125 0.7109375 0.0390625 0.71875 0.041015625 0.71875 0.044921875 0.71484375 0.044921875 0.708984375 0.0390625 0.703125 0.037109375 0.703125 0.03515625 0.701171875 0.03515625 0.697265625 0.033203125 0.6953125 0.033203125 0.693359375 0.03125 0.69140625 0.029296875 0.69140625
0 0.015625 0.67578125 0.013671875 0.677734375 0.013671875 0.6796875 0.015625 0.6796875 0.017578125 0.677734375 0.017578125 0.67578125
0 0.033203125 0.669921875 0.033203125 0.67578125 0.03125 0.677734375 0.03125 0.6796875 0.03515625 0.67578125 0.03515625 0.669921875
0 0.013671875 0.65625 0.01171875 0.658203125 0.01171875 0.666015625 0.013671875 0.666015625 0.015625 0.6640625 0.015625 0.658203125
0 0.0546875 0.654296875 0.05078125 0.658203125 0.052734375 0.66015625 0.052734375 0.662109375 0.05859375 0.66796875 0.05859375 0.669921875 0.0625 0.673828125 0.0625 0.67578125 0.064453125 0.677734375 0.064453125 0.6796875 0.06640625 0.681640625 0.06640625 0.68359375 0.0703125 0.6875 0.0703125 0.689453125 0.072265625 0.69140625 0.072265625 0.693359375 0.07421875 0.6953125 0.07421875 0.703125 0.072265625 0.705078125 0.0703125 0.703125 0.068359375 0.703125 0.06640625 0.701171875 0.06640625 0.6953125 0.064453125 0.693359375 0.064453125 0.69140625 0.0625 0.689453125 0.0625 0.6875 0.05859375 0.68359375 0.05859375 0.681640625 0.056640625 0.6796875 0.056640625 0.677734375 0.0546875 0.67578125 0.0546875 0.673828125 0.046875 0.666015625 0.046875 0.6640625 0.044921875 0.662109375 0.041015625 0.662109375 0.0390625 0.66015625 0.037109375 0.66015625 0.037109375 0.6640625 0.04296875 0.669921875 0.04296875 0.671875 0.044921875 0.671875 0.0546875 0.681640625 0.0546875 0.68359375 0.056640625 0.685546875 0.056640625 0.6875 0.05859375 0.689453125 0.05859375 0.693359375 0.060546875 0.6953125 0.060546875 0.697265625 0.0625 0.69921875 0.0625 0.705078125 0.06640625 0.708984375 0.068359375 0.708984375 0.0703125 0.7109375 0.072265625 0.708984375 0.072265625 0.705078125 0.07421875 0.703125 0.08203125 0.703125 0.083984375 0.701171875 0.0859375 0.701171875 0.087890625 0.69921875 0.087890625 0.68359375 0.0859375 0.681640625 0.087890625 0.6796875 0.087890625 0.67578125 0.08984375 0.673828125 0.087890625 0.671875 0.087890625 0.66796875 0.083984375 0.6640625 0.08203125 0.6640625 0.080078125 0.662109375 0.078125 0.662109375 0.076171875 0.66015625 0.072265625 0.66015625 0.0703125 0.658203125 0.06640625 0.658203125 0.064453125 0.65625 0.05859375 0.65625 0.056640625 0.654296875
0 0.0 0.623046875 0.0 0.64453125 0.005859375 0.64453125 0.005859375 0.642578125 0.00390625 0.640625 0.00390625 0.634765625 0.005859375 0.6328125 0.005859375 0.62890625
0 0.009765625 0.552734375 0.0078125 0.5546875 0.0078125 0.55859375 0.009765625 0.560546875 0.009765625 0.5625 0.015625 0.5625 0.015625 0.556640625 0.01171875 0.552734375
0 0.76953125 0.265625 0.76953125 0.267578125 0.767578125 0.26953125 0.767578125 0.271484375 0.76953125 0.2734375 0.76953125 0.275390625 0.771484375 0.27734375 0.77734375 0.27734375 0.779296875 0.279296875 0.779296875 0.283203125 0.78125 0.28515625 0.78125 0.28125 0.783203125 0.279296875 0.783203125 0.271484375 0.78125 0.26953125 0.78125 0.267578125 0.775390625 0.267578125 0.7734375 0.265625
0 0.771484375 0.2109375 0.771484375 0.212890625 0.76953125 0.21484375 0.76953125 0.216796875 0.771484375 0.21875 0.771484375 0.220703125 0.775390625 0.220703125 0.775390625 0.216796875 0.77734375 0.21484375 0.775390625 0.212890625 0.775390625 0.2109375
0 0.6328125 0.189453125 0.6328125 0.19140625 0.630859375 0.193359375 0.630859375 0.1953125 0.62890625 0.197265625 0.62890625 0.205078125 0.630859375 0.20703125 0.63671875 0.20703125 0.63671875 0.197265625 0.638671875 0.1953125 0.638671875 0.19140625 0.63671875 0.189453125
0 0.625 0.171875 0.623046875 0.173828125 0.61328125 0.173828125 0.611328125 0.17578125 0.611328125 0.18359375 0.615234375 0.18359375 0.6171875 0.181640625 0.619140625 0.181640625 0.62109375 0.1796875 0.625 0.1796875 0.626953125 0.177734375 0.62890625 0.177734375 0.62890625 0.17578125
0 0.873046875 0.126953125 0.87109375 0.12890625 0.87109375 0.130859375 0.8671875 0.134765625 0.8671875 0.13671875 0.869140625 0.138671875 0.87109375 0.138671875 0.873046875 0.140625 0.87890625 0.140625 0.87890625 0.138671875 0.880859375 0.13671875 0.87890625 0.134765625 0.87890625 0.130859375 0.876953125 0.12890625 0.875 0.12890625
0 0.904296875 0.111328125 0.900390625 0.115234375 0.8984375 0.115234375 0.8984375 0.12109375 0.89453125 0.125 0.89453125 0.126953125 0.892578125 0.12890625 0.89453125 0.130859375 0.896484375 0.130859375 0.8984375 0.12890625 0.8984375 0.126953125 0.90234375 0.123046875 0.90234375 0.12109375 0.904296875 0.119140625 0.904296875 0.1171875 0.90625 0.115234375 0.90625 0.11328125
0 0.80859375 0.109375 0.806640625 0.111328125 0.8046875 0.111328125 0.8046875 0.11328125 0.806640625 0.115234375 0.806640625 0.119140625 0.8125 0.125 0.818359375 0.125 0.818359375 0.119140625 0.814453125 0.115234375 0.814453125 0.11328125 0.810546875 0.109375
0 0.70703125 0.072265625 0.705078125 0.07421875 0.703125 0.07421875 0.703125 0.076171875 0.701171875 0.078125 0.701171875 0.080078125 0.703125 0.08203125 0.70703125 0.08203125 0.708984375 0.080078125 0.708984375 0.072265625
0 0.986328125 0.0 0.984375 0.001953125 0.984375 0.00390625 0.978515625 0.009765625 0.9765625 0.009765625 0.978515625 0.01171875 0.990234375 0.01171875 0.9921875 0.009765625 0.9921875 0.001953125 0.990234375 0.001953125 0.98828125 0.0
0 0.853515625 0.0 0.853515625 0.00390625 0.85546875 0.005859375 0.85546875 0.0078125 0.857421875 0.009765625 0.857421875 0.01171875 0.859375 0.009765625 0.861328125 0.009765625 0.861328125 0.0078125 0.859375 0.005859375 0.859375 0.00390625 0.857421875 0.001953125 0.857421875 0.0
