0 0.357421875 0.78125 0.357421875 0.787109375 0.35546875 0.7890625 0.35546875 0.796875 0.353515625 0.798828125 0.353515625 0.810546875 0.35546875 0.8125 0.361328125 0.8125 0.36328125 0.810546875 0.365234375 0.810546875 0.365234375 0.806640625 0.3671875 0.8046875 0.3671875 0.787109375 0.361328125 0.78125
0 0.328125 0.77734375 0.322265625 0.783203125 0.322265625 0.78515625 0.3203125 0.787109375 0.3203125 0.798828125 0.322265625 0.80078125 0.322265625 0.802734375 0.32421875 0.8046875 0.32421875 0.80859375 0.326171875 0.810546875 0.333984375 0.810546875 0.3359375 0.8125 0.34375 0.8125 0.34375 0.810546875 0.349609375 0.8046875 0.349609375 0.791015625 0.345703125 0.787109375 0.345703125 0.78515625 0.34375 0.783203125 0.341796875 0.783203125 0.33984375 0.78125 0.337890625 0.78125 0.3359375 0.779296875 0.333984375 0.779296875 0.33203125 0.77734375
0 0.216796875 0.720703125 0.21484375 0.72265625 0.2109375 0.72265625 0.2109375 0.7265625 0.208984375 0.728515625 0.208984375 0.73046875 0.2109375 0.732421875 0.2109375 0.734375 0.212890625 0.736328125 0.212890625 0.740234375 0.21484375 0.7421875 0.21484375 0.75 0.216796875 0.751953125 0.216796875 0.7578125 0.21875 0.759765625 0.21875 0.7734375 0.220703125 0.775390625 0.220703125 0.78125 0.22265625 0.783203125 0.22265625 0.791015625 0.224609375 0.79296875 0.224609375 0.798828125 0.2265625 0.798828125 0.2265625 0.796875 0.228515625 0.794921875 0.228515625 0.78125 0.23046875 0.779296875 0.23046875 0.763671875 0.228515625 0.76171875 0.228515625 0.75 0.2265625 0.748046875 0.2265625 0.7421875 0.224609375 0.740234375 0.224609375 0.734375 0.22265625 0.732421875 0.22265625 0.73046875 0.220703125 0.728515625 0.220703125 0.7265625 0.21875 0.724609375 0.21875 0.72265625
0 0.224609375 0.6953125 0.224609375 0.697265625 0.220703125 0.701171875 0.220703125 0.703125 0.22265625 0.705078125 0.22265625 0.7109375 0.224609375 0.712890625 0.224609375 0.716796875 0.228515625 0.720703125 0.228515625 0.72265625 0.23046875 0.724609375 0.23046875 0.7265625 0.232421875 0.728515625 0.232421875 0.744140625 0.234375 0.74609375 0.234375 0.75 0.236328125 0.751953125 0.236328125 0.75390625 0.23828125 0.755859375 0.23828125 0.759765625 0.240234375 0.76171875 0.240234375 0.765625 0.2421875 0.767578125 0.2421875 0.76953125 0.244140625 0.771484375 0.244140625 0.775390625 0.24609375 0.77734375 0.24609375 0.779296875 0.248046875 0.779296875 0.25390625 0.7734375 0.25390625 0.7578125 0.255859375 0.755859375 0.255859375 0.744140625 0.2578125 0.7421875 0.263671875 0.7421875 0.263671875 0.73828125 0.265625 0.736328125 0.265625 0.734375 0.267578125 0.732421875 0.267578125 0.73046875 0.26953125 0.728515625 0.26953125 0.708984375 0.267578125 0.708984375 0.263671875 0.705078125 0.26171875 0.705078125 0.255859375 0.69921875 0.25390625 0.69921875 0.25 0.6953125
0 0.126953125 0.66015625 0.125 0.662109375 0.12109375 0.662109375 0.119140625 0.6640625 0.119140625 0.666015625 0.12109375 0.666015625 0.123046875 0.66796875 0.125 0.666015625 0.138671875 0.666015625 0.140625 0.6640625 0.150390625 0.6640625 0.15234375 0.662109375 0.15234375 0.66015625
0 0.07421875 0.640625 0.0703125 0.64453125 0.0703125 0.646484375 0.068359375 0.6484375 0.068359375 0.65234375 0.06640625 0.654296875 0.06640625 0.669921875 0.068359375 0.671875 0.068359375 0.673828125 0.0703125 0.67578125 0.076171875 0.67578125 0.080078125 0.671875 0.08203125 0.671875 0.083984375 0.669921875 0.083984375 0.662109375 0.0859375 0.66015625 0.0859375 0.65234375 0.083984375 0.650390625 0.080078125 0.650390625 0.076171875 0.646484375 0.076171875 0.640625
0 0.138671875 0.435546875 0.13671875 0.4375 0.13671875 0.4609375 0.138671875 0.462890625 0.138671875 0.466796875 0.14453125 0.466796875 0.146484375 0.46875 0.146484375 0.47265625 0.1484375 0.474609375 0.1484375 0.4765625 0.150390625 0.478515625 0.15234375 0.478515625 0.154296875 0.48046875 0.158203125 0.48046875 0.16015625 0.478515625 0.162109375 0.478515625 0.16796875 0.47265625 0.16796875 0.46875 0.169921875 0.466796875 0.169921875 0.46484375 0.171875 0.462890625 0.171875 0.4609375 0.169921875 0.458984375 0.169921875 0.45703125 0.166015625 0.453125 0.16015625 0.453125 0.158203125 0.451171875 0.154296875 0.451171875 0.15234375 0.44921875 0.150390625 0.44921875 0.1484375 0.447265625 0.146484375 0.447265625 0.142578125 0.443359375 0.142578125 0.44140625 0.140625 0.439453125 0.140625 0.435546875
0 0.05859375 0.42578125 0.056640625 0.427734375 0.056640625 0.44140625 0.06640625 0.44140625 0.06640625 0.435546875 0.064453125 0.43359375 0.064453125 0.4296875 0.060546875 0.42578125
0 0.076171875 0.404296875 0.06640625 0.4140625 0.06640625 0.416015625 0.064453125 0.41796875 0.064453125 0.419921875 0.068359375 0.423828125 0.068359375 0.42578125 0.0703125 0.427734375 0.072265625 0.427734375 0.07421875 0.4296875 0.07421875 0.421875 0.076171875 0.419921875 0.078125 0.419921875 0.080078125 0.41796875 0.08203125 0.41796875 0.083984375 0.416015625 0.083984375 0.41015625 0.08203125 0.408203125 0.08203125 0.40625 0.080078125 0.404296875
0 0.095703125 0.36328125 0.087890625 0.37109375 0.0859375 0.37109375 0.0859375 0.375 0.087890625 0.376953125 0.087890625 0.37890625 0.091796875 0.3828125 0.091796875 0.384765625 0.099609375 0.384765625 0.099609375 0.369140625 0.09765625 0.3671875 0.09765625 0.365234375
