0 0.607421875 0.9296875 0.60546875 0.931640625 0.607421875 0.93359375 0.607421875 0.935546875 0.609375 0.9375 0.609375 0.947265625 0.611328125 0.94921875 0.611328125 0.951171875 0.61328125 0.94921875 0.61328125 0.947265625 0.615234375 0.9453125 0.615234375 0.9375 0.61328125 0.935546875 0.61328125 0.93359375 0.609375 0.9296875
0 0.623046875 0.912109375 0.6171875 0.91796875 0.6171875 0.919921875 0.619140625 0.91796875 0.62109375 0.91796875 0.623046875 0.916015625
0 0.5390625 0.90234375 0.5390625 0.90625 0.541015625 0.908203125 0.54296875 0.908203125 0.544921875 0.90625 0.544921875 0.904296875 0.54296875 0.90234375
0 0.564453125 0.896484375 0.560546875 0.900390625 0.560546875 0.904296875 0.5625 0.90625 0.56640625 0.90625 0.568359375 0.908203125 0.5703125 0.908203125 0.5703125 0.904296875 0.568359375 0.90234375 0.568359375 0.8984375 0.56640625 0.896484375
0 0.5625 0.87890625 0.5625 0.890625 0.5625 0.888671875 0.564453125 0.88671875 0.564453125 0.87890625
0 0.556640625 0.87890625 0.5546875 0.880859375 0.5546875 0.88671875 0.556640625 0.888671875 0.55859375 0.888671875 0.55859375 0.880859375
0 0.990234375 0.615234375 0.98828125 0.6171875 0.986328125 0.6171875 0.984375 0.619140625 0.984375 0.623046875 0.98828125 0.623046875 0.990234375 0.62109375
0 0.984375 0.5859375 0.984375 0.595703125 0.98828125 0.599609375 0.98828125 0.609375 0.990234375 0.609375 0.990234375 0.60546875 0.9921875 0.603515625 0.990234375 0.6015625 0.990234375 0.587890625 0.98828125 0.5859375
0 0.990234375 0.556640625 0.98828125 0.55859375 0.990234375 0.560546875 0.990234375 0.5703125 0.9921875 0.572265625 0.9921875 0.57421875 0.99609375 0.5703125 0.998046875 0.5703125 0.998046875 0.560546875 0.99609375 0.55859375 0.9921875 0.55859375
0 0.91015625 0.1328125 0.908203125 0.134765625 0.908203125 0.138671875 0.912109375 0.142578125 0.9140625 0.142578125 0.9140625 0.134765625 0.912109375 0.1328125
0 0.970703125 0.123046875 0.970703125 0.125 0.974609375 0.125 0.974609375 0.123046875
0 0.828125 0.083984375 0.826171875 0.0859375 0.822265625 0.0859375 0.8203125 0.087890625 0.81640625 0.087890625 0.814453125 0.08984375 0.81640625 0.091796875 0.81640625 0.09375 0.818359375 0.09375 0.8203125 0.095703125 0.826171875 0.095703125 0.828125 0.09765625 0.83203125 0.09765625 0.8359375 0.09375 0.8359375 0.083984375
