0 0.921875 0.70703125 0.91796875 0.7109375 0.916015625 0.7109375 0.912109375 0.71484375 0.912109375 0.720703125 0.923828125 0.720703125 0.92578125 0.71875 0.9296875 0.71875 0.931640625 0.716796875 0.93359375 0.716796875 0.93359375 0.71484375 0.9296875 0.7109375 0.9296875 0.708984375 0.927734375 0.708984375 0.92578125 0.70703125
0 0.951171875 0.64453125 0.951171875 0.646484375 0.94921875 0.6484375 0.94921875 0.65234375 0.951171875 0.654296875 0.955078125 0.654296875 0.95703125 0.65625 0.958984375 0.65625 0.9609375 0.654296875 0.962890625 0.654296875 0.96484375 0.65625 0.966796875 0.65625 0.970703125 0.66015625 0.970703125 0.662109375 0.97265625 0.6640625 0.978515625 0.6640625 0.9765625 0.662109375 0.9765625 0.66015625 0.97265625 0.65625 0.97265625 0.65234375 0.970703125 0.650390625 0.970703125 0.64453125 0.96875 0.64453125 0.962890625 0.650390625 0.962890625 0.65234375 0.9609375 0.654296875 0.958984375 0.654296875 0.95703125 0.65625 0.955078125 0.654296875 0.955078125 0.65234375 0.953125 0.650390625 0.953125 0.64453125
0 0.939453125 0.625 0.9375 0.626953125 0.9375 0.62890625 0.935546875 0.630859375 0.939453125 0.634765625 0.943359375 0.630859375 0.9453125 0.6328125 0.9453125 0.634765625 0.943359375 0.63671875 0.943359375 0.638671875 0.94140625 0.640625 0.94140625 0.642578125 0.943359375 0.642578125 0.9453125 0.640625 0.9453125 0.63671875 0.947265625 0.634765625 0.947265625 0.630859375 0.9453125 0.630859375 0.943359375 0.62890625 0.943359375 0.625
0 0.927734375 0.615234375 0.92578125 0.6171875 0.923828125 0.6171875 0.923828125 0.619140625 0.927734375 0.619140625
0 0.91796875 0.591796875 0.916015625 0.59375 0.916015625 0.599609375 0.92578125 0.599609375 0.92578125 0.59375 0.923828125 0.59375 0.921875 0.591796875
0 0.943359375 0.544921875 0.94140625 0.546875 0.94140625 0.55078125 0.9453125 0.55078125 0.947265625 0.548828125 0.947265625 0.544921875
0 0.9453125 0.5234375 0.94140625 0.52734375 0.939453125 0.52734375 0.9375 0.529296875 0.9375 0.53125 0.939453125 0.529296875 0.943359375 0.529296875 0.9453125 0.52734375 0.9453125 0.525390625 0.947265625 0.5234375
0 0.359375 0.5234375 0.359375 0.525390625 0.361328125 0.5234375
0 0.95703125 0.49609375 0.95703125 0.498046875 0.955078125 0.5 0.955078125 0.501953125 0.953125 0.50390625 0.955078125 0.505859375 0.955078125 0.5078125 0.95703125 0.5078125 0.958984375 0.509765625 0.96484375 0.509765625 0.96484375 0.5078125 0.966796875 0.505859375 0.962890625 0.501953125 0.962890625 0.5 0.958984375 0.49609375
0 0.966796875 0.4296875 0.966796875 0.435546875 0.96484375 0.4375 0.96484375 0.4453125 0.962890625 0.447265625 0.96484375 0.44921875 0.96484375 0.453125 0.966796875 0.453125 0.97265625 0.458984375 0.974609375 0.458984375 0.9765625 0.4609375 0.9765625 0.462890625 0.98046875 0.466796875 0.98046875 0.46875 0.98828125 0.46875 0.98828125 0.466796875 0.990234375 0.46484375 0.990234375 0.455078125 0.98828125 0.453125 0.98828125 0.443359375 0.986328125 0.44140625 0.986328125 0.439453125 0.984375 0.4375 0.984375 0.435546875 0.982421875 0.43359375 0.982421875 0.431640625 0.98046875 0.431640625 0.978515625 0.4296875
0 0.9296875 0.404296875 0.92578125 0.408203125 0.92578125 0.41015625 0.923828125 0.412109375 0.923828125 0.41796875 0.9296875 0.423828125 0.93359375 0.423828125 0.935546875 0.42578125 0.94140625 0.42578125 0.94140625 0.423828125 0.9453125 0.419921875 0.947265625 0.419921875 0.951171875 0.416015625 0.955078125 0.416015625 0.95703125 0.41796875 0.9609375 0.41796875 0.962890625 0.416015625 0.96484375 0.416015625 0.96484375 0.4140625 0.962890625 0.412109375 0.951171875 0.412109375 0.947265625 0.408203125 0.9453125 0.408203125 0.943359375 0.40625 0.939453125 0.40625 0.9375 0.404296875
0 0.958984375 0.37109375 0.95703125 0.373046875 0.95703125 0.375 0.955078125 0.376953125 0.955078125 0.37890625 0.94921875 0.384765625 0.94921875 0.390625 0.951171875 0.392578125 0.955078125 0.392578125 0.95703125 0.39453125 0.958984375 0.39453125 0.9609375 0.396484375 0.96484375 0.396484375 0.97265625 0.388671875 0.97265625 0.38671875 0.970703125 0.384765625 0.970703125 0.380859375 0.96875 0.380859375 0.96484375 0.376953125 0.96484375 0.375 0.9609375 0.37109375
0 0.990234375 0.345703125 0.98828125 0.34765625 0.98828125 0.349609375 0.986328125 0.3515625 0.98828125 0.353515625 0.98828125 0.361328125 0.990234375 0.36328125 0.994140625 0.36328125 0.994140625 0.349609375
0 0.94140625 0.345703125 0.94140625 0.34765625 0.939453125 0.349609375 0.939453125 0.36328125 0.943359375 0.3671875 0.94921875 0.3671875 0.94921875 0.365234375 0.955078125 0.359375 0.95703125 0.361328125 0.958984375 0.361328125 0.958984375 0.357421875 0.955078125 0.353515625 0.951171875 0.353515625 0.94921875 0.3515625 0.94921875 0.349609375 0.9453125 0.345703125
0 0.998046875 0.326171875 0.99609375 0.328125 0.994140625 0.328125 0.994140625 0.330078125 0.99609375 0.33203125 0.99609375 0.3359375 0.998046875 0.337890625
0 0.986328125 0.3046875 0.984375 0.306640625 0.98046875 0.306640625 0.98046875 0.3125 0.982421875 0.314453125 0.982421875 0.318359375 0.986328125 0.322265625 0.98828125 0.322265625 0.990234375 0.3203125 0.990234375 0.30859375
0 0.994140625 0.251953125 0.994140625 0.25390625 0.9921875 0.255859375 0.9921875 0.26171875 0.990234375 0.263671875 0.990234375 0.265625 0.9921875 0.267578125 0.9921875 0.26953125 0.99609375 0.2734375 0.994140625 0.275390625 0.9921875 0.275390625 0.986328125 0.28125 0.986328125 0.283203125 0.98828125 0.28515625 0.98828125 0.287109375 0.990234375 0.2890625 0.998046875 0.2890625 0.998046875 0.251953125
