0 0.564453125 0.3203125 0.564453125 0.326171875 0.56640625 0.328125 0.56640625 0.330078125 0.572265625 0.3359375 0.576171875 0.33203125 0.576171875 0.330078125 0.57421875 0.328125 0.57421875 0.326171875 0.568359375 0.3203125
0 0.5546875 0.29296875 0.552734375 0.294921875 0.552734375 0.296875 0.5546875 0.296875
0 0.544921875 0.29296875 0.544921875 0.296875 0.548828125 0.296875 0.548828125 0.294921875 0.546875 0.29296875
0 0.595703125 0.27734375 0.59375 0.279296875 0.59375 0.28125 0.591796875 0.283203125 0.591796875 0.287109375 0.59375 0.2890625 0.59765625 0.2890625 0.603515625 0.283203125 0.603515625 0.28125 0.599609375 0.27734375
0 0.515625 0.27734375 0.513671875 0.279296875 0.515625 0.28125 0.515625 0.28515625 0.521484375 0.28515625 0.5234375 0.287109375 0.5234375 0.2890625 0.525390625 0.2890625 0.52734375 0.291015625 0.529296875 0.291015625 0.53125 0.2890625 0.53125 0.287109375 0.529296875 0.28515625 0.5234375 0.28515625 0.521484375 0.283203125 0.521484375 0.28125 0.517578125 0.27734375
0 0.5703125 0.26953125 0.568359375 0.271484375 0.568359375 0.275390625 0.5703125 0.27734375 0.5703125 0.279296875 0.572265625 0.28125 0.57421875 0.28125 0.576171875 0.283203125 0.57421875 0.28515625 0.5703125 0.28515625 0.568359375 0.287109375 0.568359375 0.2890625 0.56640625 0.291015625 0.568359375 0.29296875 0.568359375 0.30078125 0.56640625 0.302734375 0.564453125 0.302734375 0.5625 0.3046875 0.5625 0.306640625 0.56640625 0.306640625 0.568359375 0.3046875 0.5703125 0.3046875 0.5703125 0.302734375 0.57421875 0.298828125 0.57421875 0.294921875 0.572265625 0.29296875 0.572265625 0.291015625 0.576171875 0.287109375 0.578125 0.287109375 0.580078125 0.2890625 0.58203125 0.2890625 0.583984375 0.291015625 0.5859375 0.2890625 0.5859375 0.287109375 0.587890625 0.28515625 0.583984375 0.28125 0.580078125 0.28125 0.578125 0.283203125 0.576171875 0.283203125 0.57421875 0.28125 0.576171875 0.279296875 0.576171875 0.2734375 0.572265625 0.26953125
0 0.603515625 0.265625 0.6015625 0.267578125 0.6015625 0.2734375 0.60546875 0.2734375 0.60546875 0.267578125
0 0.49609375 0.265625 0.494140625 0.267578125 0.494140625 0.2734375 0.498046875 0.27734375 0.498046875 0.2734375 0.5 0.271484375 0.5 0.26953125
0 0.517578125 0.2578125 0.517578125 0.259765625 0.515625 0.26171875 0.517578125 0.263671875 0.521484375 0.259765625 0.521484375 0.2578125
0 0.49609375 0.248046875 0.49609375 0.25 0.494140625 0.251953125 0.494140625 0.25390625 0.4921875 0.255859375 0.4921875 0.2578125 0.490234375 0.259765625 0.48828125 0.259765625 0.490234375 0.259765625 0.4921875 0.26171875 0.49609375 0.26171875 0.498046875 0.259765625 0.5 0.259765625 0.501953125 0.2578125 0.501953125 0.25390625 0.5 0.251953125 0.5 0.25 0.498046875 0.248046875
0 0.462890625 0.248046875 0.4609375 0.25 0.4609375 0.251953125 0.45703125 0.255859375 0.45703125 0.2578125 0.4609375 0.2578125 0.4609375 0.255859375 0.46484375 0.251953125 0.46484375 0.248046875
0 0.486328125 0.2421875 0.486328125 0.24609375 0.484375 0.248046875 0.484375 0.25 0.482421875 0.251953125 0.482421875 0.25390625 0.48046875 0.255859375 0.478515625 0.255859375 0.474609375 0.259765625 0.47265625 0.259765625 0.47265625 0.263671875 0.474609375 0.265625 0.4765625 0.265625 0.478515625 0.263671875 0.482421875 0.263671875 0.484375 0.26171875 0.484375 0.259765625 0.482421875 0.2578125 0.486328125 0.25390625 0.484375 0.251953125 0.486328125 0.25 0.486328125 0.248046875 0.490234375 0.244140625 0.48828125 0.2421875
0 0.4453125 0.236328125 0.4453125 0.2421875 0.44921875 0.24609375 0.44921875 0.251953125 0.451171875 0.25390625 0.453125 0.25390625 0.453125 0.251953125 0.451171875 0.25 0.451171875 0.244140625 0.44921875 0.2421875 0.44921875 0.23828125 0.447265625 0.236328125
