0 0.75 0.96484375 0.748046875 0.966796875 0.75390625 0.97265625 0.75390625 0.978515625 0.755859375 0.98046875 0.755859375 0.984375 0.759765625 0.98828125 0.759765625 0.990234375 0.76171875 0.98828125 0.76171875 0.970703125 0.755859375 0.96484375
0 0.375 0.904296875 0.375 0.90625 0.373046875 0.908203125 0.373046875 0.91015625 0.375 0.912109375 0.373046875 0.9140625 0.373046875 0.916015625 0.37109375 0.91796875 0.37109375 0.921875 0.376953125 0.921875 0.37890625 0.919921875 0.37890625 0.91796875 0.380859375 0.916015625 0.380859375 0.91015625 0.37890625 0.908203125 0.37890625 0.90625 0.376953125 0.90625
0 0.037109375 0.890625 0.03515625 0.892578125 0.03515625 0.8984375 0.041015625 0.8984375 0.04296875 0.900390625 0.064453125 0.900390625 0.0625 0.8984375 0.0625 0.89453125 0.060546875 0.892578125 0.0546875 0.892578125 0.052734375 0.89453125 0.05078125 0.89453125 0.048828125 0.892578125 0.046875 0.892578125 0.044921875 0.890625
0 0.390625 0.87109375 0.390625 0.873046875 0.392578125 0.875 0.392578125 0.87890625 0.39453125 0.880859375 0.396484375 0.87890625 0.3984375 0.87890625 0.3984375 0.873046875 0.396484375 0.87109375
0 0.224609375 0.8671875 0.22265625 0.869140625 0.22265625 0.873046875 0.224609375 0.875 0.232421875 0.875 0.234375 0.873046875 0.234375 0.869140625 0.232421875 0.8671875
0 0.14453125 0.6484375 0.142578125 0.650390625 0.134765625 0.650390625 0.1328125 0.65234375 0.1328125 0.65625 0.142578125 0.65625 0.14453125 0.654296875 0.154296875 0.654296875 0.15625 0.65234375 0.15625 0.650390625 0.154296875 0.650390625 0.15234375 0.6484375
0 0.2109375 0.5546875 0.208984375 0.556640625 0.208984375 0.560546875 0.2109375 0.5625 0.2109375 0.564453125 0.21484375 0.568359375 0.21484375 0.57421875 0.212890625 0.576171875 0.212890625 0.578125 0.21484375 0.580078125 0.21484375 0.58203125 0.216796875 0.58203125 0.21875 0.583984375 0.220703125 0.58203125 0.22265625 0.58203125 0.224609375 0.580078125 0.224609375 0.568359375 0.22265625 0.56640625 0.22265625 0.5625 0.220703125 0.560546875 0.220703125 0.55859375 0.21875 0.55859375 0.216796875 0.556640625 0.21484375 0.556640625 0.212890625 0.5546875
0 0.21484375 0.54296875 0.2109375 0.546875 0.2109375 0.548828125 0.212890625 0.55078125 0.21875 0.55078125 0.22265625 0.546875 0.22265625 0.544921875 0.216796875 0.544921875
0 0.1484375 0.541015625 0.1484375 0.548828125 0.150390625 0.55078125 0.150390625 0.552734375 0.15234375 0.552734375 0.154296875 0.55078125 0.154296875 0.548828125 0.15625 0.546875 0.15625 0.541015625
0 0.970703125 0.537109375 0.96484375 0.54296875 0.96484375 0.55078125 0.966796875 0.552734375 0.96875 0.55078125 0.96875 0.548828125 0.970703125 0.546875 0.970703125 0.544921875 0.97265625 0.54296875 0.97265625 0.541015625 0.974609375 0.5390625 0.97265625 0.537109375
0 0.234375 0.529296875 0.232421875 0.53125 0.232421875 0.53515625 0.234375 0.537109375 0.236328125 0.537109375 0.23828125 0.53515625 0.23828125 0.53125 0.236328125 0.529296875
0 0.708984375 0.52734375 0.705078125 0.53125 0.705078125 0.533203125 0.703125 0.53515625 0.703125 0.541015625 0.705078125 0.54296875 0.70703125 0.54296875 0.708984375 0.544921875 0.7109375 0.544921875 0.712890625 0.546875 0.724609375 0.546875 0.724609375 0.54296875 0.720703125 0.5390625 0.720703125 0.537109375 0.71484375 0.53125 0.71484375 0.529296875 0.7109375 0.529296875
0 0.939453125 0.513671875 0.9375 0.515625 0.935546875 0.515625 0.935546875 0.52734375 0.93359375 0.529296875 0.935546875 0.53125 0.935546875 0.533203125 0.9375 0.533203125 0.9453125 0.525390625 0.9453125 0.5234375 0.947265625 0.521484375 0.947265625 0.517578125 0.9453125 0.515625 0.9453125 0.513671875
0 0.62109375 0.513671875 0.623046875 0.515625 0.62109375 0.517578125 0.62109375 0.521484375 0.623046875 0.5234375 0.625 0.5234375 0.626953125 0.525390625 0.62890625 0.525390625 0.630859375 0.52734375 0.6328125 0.525390625 0.6328125 0.5234375 0.634765625 0.521484375 0.634765625 0.517578125 0.6328125 0.515625 0.630859375 0.515625 0.62890625 0.513671875
0 0.37890625 0.416015625 0.380859375 0.41796875 0.380859375 0.421875 0.37890625 0.423828125 0.37890625 0.42578125 0.375 0.4296875 0.376953125 0.431640625 0.376953125 0.43359375 0.37890625 0.43359375 0.380859375 0.435546875 0.3828125 0.435546875 0.38671875 0.431640625 0.38671875 0.423828125 0.384765625 0.421875 0.384765625 0.419921875 0.3828125 0.41796875 0.3828125 0.416015625
0 0.53125 0.279296875 0.529296875 0.28125 0.529296875 0.283203125 0.525390625 0.287109375 0.525390625 0.2890625 0.51953125 0.294921875 0.51953125 0.296875 0.53125 0.296875 0.533203125 0.294921875 0.53515625 0.294921875 0.544921875 0.28515625 0.544921875 0.283203125 0.54296875 0.28125 0.5390625 0.28125 0.537109375 0.279296875
0 0.580078125 0.25390625 0.578125 0.255859375 0.576171875 0.255859375 0.576171875 0.26171875 0.5859375 0.271484375 0.5859375 0.2734375 0.587890625 0.275390625 0.587890625 0.27734375 0.58984375 0.27734375 0.58984375 0.26953125 0.591796875 0.267578125 0.591796875 0.259765625 0.58984375 0.2578125 0.58984375 0.255859375 0.5859375 0.255859375 0.583984375 0.25390625
0 0.751953125 0.236328125 0.75 0.23828125 0.75 0.240234375 0.751953125 0.2421875 0.751953125 0.244140625 0.75390625 0.244140625 0.755859375 0.2421875 0.755859375 0.240234375
0 0.759765625 0.232421875 0.7578125 0.234375 0.76171875 0.23828125 0.763671875 0.23828125 0.765625 0.236328125 0.763671875 0.234375 0.76171875 0.234375
0 0.732421875 0.216796875 0.732421875 0.224609375 0.736328125 0.228515625 0.736328125 0.23046875 0.73828125 0.228515625 0.73828125 0.220703125 0.734375 0.216796875
0 0.765625 0.185546875 0.763671875 0.1875 0.76171875 0.1875 0.759765625 0.189453125 0.7578125 0.189453125 0.755859375 0.19140625 0.755859375 0.197265625 0.759765625 0.201171875 0.759765625 0.205078125 0.76171875 0.205078125 0.763671875 0.203125 0.767578125 0.203125 0.771484375 0.19921875 0.771484375 0.189453125 0.76953125 0.1875 0.76953125 0.185546875
0 0.43359375 0.177734375 0.4296875 0.181640625 0.4296875 0.189453125 0.431640625 0.19140625 0.431640625 0.193359375 0.43359375 0.1953125 0.435546875 0.193359375 0.4375 0.193359375 0.4375 0.189453125 0.439453125 0.1875 0.439453125 0.177734375
0 0.359375 0.16796875 0.357421875 0.169921875 0.357421875 0.17578125 0.359375 0.17578125 0.365234375 0.181640625 0.3671875 0.181640625 0.375 0.189453125 0.375 0.19140625 0.376953125 0.19140625 0.37890625 0.193359375 0.380859375 0.193359375 0.3828125 0.1953125 0.384765625 0.193359375 0.384765625 0.1875 0.38671875 0.185546875 0.384765625 0.18359375 0.384765625 0.177734375 0.3828125 0.17578125 0.380859375 0.17578125 0.376953125 0.171875 0.373046875 0.171875 0.37109375 0.169921875 0.369140625 0.169921875 0.3671875 0.16796875
0 0.322265625 0.150390625 0.322265625 0.15234375 0.3203125 0.154296875 0.3203125 0.15625 0.333984375 0.169921875 0.3359375 0.169921875 0.337890625 0.171875 0.34765625 0.171875 0.34765625 0.1640625 0.341796875 0.158203125 0.33984375 0.158203125 0.337890625 0.15625 0.3359375 0.15625 0.333984375 0.154296875 0.33203125 0.154296875 0.330078125 0.15234375 0.326171875 0.15234375 0.32421875 0.150390625
0 0.962890625 0.08203125 0.958984375 0.0859375 0.958984375 0.08984375 0.9609375 0.08984375 0.962890625 0.087890625 0.962890625 0.0859375 0.96484375 0.083984375 0.96484375 0.08203125
0 0.998046875 0.0703125 0.994140625 0.07421875 0.9921875 0.07421875 0.9921875 0.078125 0.994140625 0.080078125 0.998046875 0.080078125
0 0.94140625 0.056640625 0.939453125 0.05859375 0.9375 0.05859375 0.9375 0.06640625 0.939453125 0.068359375 0.939453125 0.0703125 0.94140625 0.072265625 0.943359375 0.0703125 0.9453125 0.0703125 0.9453125 0.05859375 0.943359375 0.056640625
0 0.998046875 0.041015625 0.99609375 0.04296875 0.99609375 0.044921875 0.994140625 0.046875 0.994140625 0.05078125 0.99609375 0.052734375 0.998046875 0.052734375
0 0.96875 0.037109375 0.966796875 0.0390625 0.96484375 0.0390625 0.962890625 0.041015625 0.958984375 0.041015625 0.958984375 0.05078125 0.9609375 0.052734375 0.9609375 0.056640625 0.962890625 0.05859375 0.962890625 0.060546875 0.966796875 0.060546875 0.96875 0.05859375 0.96875 0.056640625 0.970703125 0.0546875 0.970703125 0.046875 0.97265625 0.044921875 0.97265625 0.037109375
