0 0.9296875 0.55859375 0.927734375 0.560546875 0.92578125 0.560546875 0.923828125 0.5625 0.921875 0.5625 0.919921875 0.564453125 0.919921875 0.56640625 0.921875 0.568359375 0.92578125 0.568359375 0.927734375 0.5703125 0.93359375 0.5703125 0.935546875 0.572265625 0.9375 0.572265625 0.939453125 0.57421875 0.9765625 0.57421875 0.978515625 0.576171875 0.984375 0.576171875 0.986328125 0.57421875 0.998046875 0.57421875 0.998046875 0.5625 0.974609375 0.5625 0.97265625 0.560546875 0.947265625 0.560546875 0.9453125 0.55859375
0 0.986328125 0.51171875 0.984375 0.513671875 0.984375 0.51953125 0.9921875 0.52734375 0.9921875 0.5234375 0.994140625 0.521484375 0.9921875 0.51953125 0.9921875 0.515625 0.990234375 0.513671875 0.990234375 0.51171875
0 0.958984375 0.486328125 0.955078125 0.490234375 0.953125 0.490234375 0.94921875 0.494140625 0.947265625 0.494140625 0.9453125 0.49609375 0.943359375 0.49609375 0.94140625 0.498046875 0.9375 0.498046875 0.935546875 0.5 0.931640625 0.5 0.9296875 0.501953125 0.921875 0.501953125 0.919921875 0.50390625 0.9140625 0.50390625 0.923828125 0.513671875 0.92578125 0.513671875 0.927734375 0.515625 0.931640625 0.515625 0.93359375 0.517578125 0.9375 0.517578125 0.939453125 0.51953125 0.939453125 0.521484375 0.94140625 0.5234375 0.94140625 0.525390625 0.943359375 0.52734375 0.953125 0.52734375 0.953125 0.525390625 0.955078125 0.5234375 0.955078125 0.521484375 0.95703125 0.51953125 0.95703125 0.515625 0.9609375 0.51171875 0.970703125 0.51171875 0.97265625 0.509765625 0.97265625 0.505859375 0.970703125 0.50390625 0.970703125 0.4921875 0.96875 0.490234375 0.96875 0.48828125 0.962890625 0.48828125 0.9609375 0.486328125
0 0.89453125 0.44140625 0.892578125 0.443359375 0.892578125 0.4453125 0.880859375 0.45703125 0.880859375 0.458984375 0.87890625 0.4609375 0.87890625 0.462890625 0.876953125 0.46484375 0.876953125 0.48046875 0.8828125 0.486328125 0.888671875 0.486328125 0.890625 0.484375 0.892578125 0.484375 0.89453125 0.482421875 0.896484375 0.482421875 0.8984375 0.48046875 0.900390625 0.48046875 0.90234375 0.478515625 0.904296875 0.478515625 0.9140625 0.46875 0.916015625 0.46875 0.927734375 0.45703125 0.92578125 0.455078125 0.92578125 0.451171875 0.923828125 0.44921875 0.923828125 0.4453125 0.921875 0.443359375 0.91796875 0.443359375 0.916015625 0.44140625
0 0.30859375 0.435546875 0.302734375 0.44140625 0.294921875 0.44140625 0.29296875 0.443359375 0.2890625 0.443359375 0.287109375 0.4453125 0.29296875 0.451171875 0.294921875 0.451171875 0.296875 0.44921875 0.298828125 0.44921875 0.30078125 0.447265625 0.302734375 0.447265625 0.3046875 0.4453125 0.306640625 0.4453125 0.310546875 0.44140625 0.310546875 0.439453125 0.30859375 0.4375
0 0.220703125 0.408203125 0.21875 0.41015625 0.216796875 0.41015625 0.21484375 0.412109375 0.20703125 0.412109375 0.205078125 0.4140625 0.197265625 0.4140625 0.1953125 0.412109375 0.189453125 0.412109375 0.1875 0.4140625 0.185546875 0.4140625 0.185546875 0.431640625 0.18359375 0.43359375 0.18359375 0.44140625 0.181640625 0.443359375 0.181640625 0.447265625 0.177734375 0.451171875 0.17578125 0.451171875 0.171875 0.455078125 0.171875 0.458984375 0.18359375 0.458984375 0.189453125 0.453125 0.189453125 0.451171875 0.193359375 0.447265625 0.1953125 0.447265625 0.19921875 0.443359375 0.19921875 0.44140625 0.201171875 0.439453125 0.201171875 0.4375 0.203125 0.435546875 0.203125 0.43359375 0.205078125 0.431640625 0.205078125 0.4296875 0.20703125 0.427734375 0.208984375 0.427734375 0.21875 0.41796875 0.220703125 0.41796875 0.2265625 0.412109375 0.22265625 0.408203125
0 0.7421875 0.36328125 0.740234375 0.365234375 0.740234375 0.369140625 0.73828125 0.37109375 0.73828125 0.375 0.740234375 0.376953125 0.740234375 0.37890625 0.7421875 0.380859375 0.7421875 0.3828125 0.75 0.3828125 0.751953125 0.380859375 0.751953125 0.375 0.75 0.373046875 0.75 0.365234375 0.748046875 0.36328125
0 0.56640625 0.28125 0.56640625 0.283203125 0.564453125 0.28515625 0.564453125 0.2890625 0.56640625 0.291015625 0.5703125 0.291015625 0.5703125 0.283203125 0.568359375 0.28125
0 0.970703125 0.279296875 0.96875 0.28125 0.96484375 0.28125 0.962890625 0.283203125 0.958984375 0.283203125 0.958984375 0.287109375 0.95703125 0.2890625 0.958984375 0.291015625 0.9609375 0.291015625 0.962890625 0.29296875 0.96484375 0.291015625 0.96875 0.291015625 0.970703125 0.2890625 0.974609375 0.2890625 0.974609375 0.287109375 0.978515625 0.283203125 0.978515625 0.279296875
0 0.806640625 0.228515625 0.806640625 0.23046875 0.80859375 0.232421875 0.80859375 0.23828125 0.810546875 0.240234375 0.810546875 0.244140625 0.8125 0.24609375 0.8125 0.248046875 0.818359375 0.25390625 0.8203125 0.25390625 0.8203125 0.25 0.822265625 0.248046875 0.822265625 0.24609375 0.82421875 0.244140625 0.82421875 0.23828125 0.8203125 0.234375 0.8203125 0.232421875 0.818359375 0.23046875 0.81640625 0.23046875 0.814453125 0.228515625
