0 0.7578125 0.990234375 0.75390625 0.994140625 0.75390625 0.99609375 0.751953125 0.998046875 0.75 0.998046875 0.76171875 0.998046875 0.76171875 0.9921875 0.759765625 0.990234375
0 0.740234375 0.9765625 0.73828125 0.978515625 0.73828125 0.982421875 0.732421875 0.98828125 0.732421875 0.994140625 0.740234375 0.994140625 0.744140625 0.990234375 0.744140625 0.986328125 0.74609375 0.984375 0.74609375 0.98046875 0.744140625 0.978515625 0.744140625 0.9765625
0 0.25 0.96484375 0.248046875 0.966796875 0.25390625 0.97265625 0.25390625 0.978515625 0.255859375 0.98046875 0.255859375 0.984375 0.259765625 0.98828125 0.259765625 0.990234375 0.26171875 0.98828125 0.26171875 0.970703125 0.255859375 0.96484375
0 0.470703125 0.537109375 0.46484375 0.54296875 0.46484375 0.55078125 0.466796875 0.552734375 0.46875 0.55078125 0.46875 0.548828125 0.470703125 0.546875 0.470703125 0.544921875 0.47265625 0.54296875 0.47265625 0.541015625 0.474609375 0.5390625 0.47265625 0.537109375
0 0.208984375 0.52734375 0.205078125 0.53125 0.205078125 0.533203125 0.203125 0.53515625 0.203125 0.541015625 0.205078125 0.54296875 0.20703125 0.54296875 0.208984375 0.544921875 0.2109375 0.544921875 0.212890625 0.546875 0.224609375 0.546875 0.224609375 0.54296875 0.220703125 0.5390625 0.220703125 0.537109375 0.21484375 0.53125 0.21484375 0.529296875 0.2109375 0.529296875
0 0.439453125 0.513671875 0.4375 0.515625 0.435546875 0.515625 0.435546875 0.52734375 0.43359375 0.529296875 0.435546875 0.53125 0.435546875 0.533203125 0.4375 0.533203125 0.4453125 0.525390625 0.4453125 0.5234375 0.447265625 0.521484375 0.447265625 0.517578125 0.4453125 0.515625 0.4453125 0.513671875
0 0.12109375 0.513671875 0.123046875 0.515625 0.12109375 0.517578125 0.12109375 0.521484375 0.123046875 0.5234375 0.125 0.5234375 0.126953125 0.525390625 0.12890625 0.525390625 0.130859375 0.52734375 0.1328125 0.525390625 0.1328125 0.5234375 0.134765625 0.521484375 0.134765625 0.517578125 0.1328125 0.515625 0.130859375 0.515625 0.12890625 0.513671875
0 0.03125 0.279296875 0.029296875 0.28125 0.029296875 0.283203125 0.025390625 0.287109375 0.025390625 0.2890625 0.01953125 0.294921875 0.01953125 0.296875 0.03125 0.296875 0.033203125 0.294921875 0.03515625 0.294921875 0.044921875 0.28515625 0.044921875 0.283203125 0.04296875 0.28125 0.0390625 0.28125 0.037109375 0.279296875
0 0.080078125 0.25390625 0.078125 0.255859375 0.076171875 0.255859375 0.076171875 0.26171875 0.0859375 0.271484375 0.0859375 0.2734375 0.087890625 0.275390625 0.087890625 0.27734375 0.08984375 0.27734375 0.08984375 0.26953125 0.091796875 0.267578125 0.091796875 0.259765625 0.08984375 0.2578125 0.08984375 0.255859375 0.0859375 0.255859375 0.083984375 0.25390625
0 0.251953125 0.236328125 0.25 0.23828125 0.25 0.240234375 0.251953125 0.2421875 0.251953125 0.244140625 0.25390625 0.244140625 0.255859375 0.2421875 0.255859375 0.240234375
0 0.259765625 0.232421875 0.2578125 0.234375 0.26171875 0.23828125 0.263671875 0.23828125 0.265625 0.236328125 0.263671875 0.234375 0.26171875 0.234375
0 0.232421875 0.216796875 0.232421875 0.224609375 0.236328125 0.228515625 0.236328125 0.23046875 0.23828125 0.228515625 0.23828125 0.220703125 0.234375 0.216796875
0 0.265625 0.185546875 0.263671875 0.1875 0.26171875 0.1875 0.259765625 0.189453125 0.2578125 0.189453125 0.255859375 0.19140625 0.255859375 0.197265625 0.259765625 0.201171875 0.259765625 0.205078125 0.26171875 0.205078125 0.263671875 0.203125 0.267578125 0.203125 0.271484375 0.19921875 0.271484375 0.189453125 0.26953125 0.1875 0.26953125 0.185546875
0 0.462890625 0.08203125 0.458984375 0.0859375 0.458984375 0.08984375 0.4609375 0.08984375 0.462890625 0.087890625 0.462890625 0.0859375 0.46484375 0.083984375 0.46484375 0.08203125
0 0.505859375 0.06640625 0.501953125 0.0703125 0.498046875 0.0703125 0.494140625 0.07421875 0.4921875 0.07421875 0.4921875 0.078125 0.494140625 0.080078125 0.501953125 0.080078125 0.50390625 0.078125 0.505859375 0.078125 0.505859375 0.076171875 0.5078125 0.07421875 0.5078125 0.06640625
0 0.44140625 0.056640625 0.439453125 0.05859375 0.4375 0.05859375 0.4375 0.06640625 0.439453125 0.068359375 0.439453125 0.0703125 0.44140625 0.072265625 0.443359375 0.0703125 0.4453125 0.0703125 0.4453125 0.05859375 0.443359375 0.056640625
0 0.529296875 0.041015625 0.525390625 0.044921875 0.5234375 0.044921875 0.51953125 0.048828125 0.529296875 0.05859375 0.53125 0.05859375 0.533203125 0.056640625 0.53515625 0.056640625 0.53515625 0.0546875 0.54296875 0.046875 0.54296875 0.044921875 0.541015625 0.04296875 0.5390625 0.04296875 0.537109375 0.041015625
0 0.5 0.0390625 0.49609375 0.04296875 0.49609375 0.044921875 0.494140625 0.046875 0.494140625 0.05078125 0.49609375 0.052734375 0.50390625 0.052734375 0.505859375 0.05078125 0.505859375 0.04296875 0.501953125 0.0390625
0 0.46875 0.037109375 0.466796875 0.0390625 0.46484375 0.0390625 0.462890625 0.041015625 0.458984375 0.041015625 0.458984375 0.05078125 0.4609375 0.052734375 0.4609375 0.056640625 0.462890625 0.05859375 0.462890625 0.060546875 0.466796875 0.060546875 0.46875 0.05859375 0.46875 0.056640625 0.470703125 0.0546875 0.470703125 0.046875 0.47265625 0.044921875 0.47265625 0.037109375
0 0.607421875 0.00390625 0.599609375 0.01171875 0.599609375 0.01953125 0.6015625 0.021484375 0.6015625 0.025390625 0.603515625 0.02734375 0.603515625 0.029296875 0.60546875 0.029296875 0.607421875 0.02734375 0.609375 0.02734375 0.61328125 0.0234375 0.61328125 0.013671875 0.611328125 0.01171875 0.611328125 0.0078125
0 0.52734375 0.0 0.529296875 0.001953125 0.529296875 0.00390625 0.53125 0.00390625 0.533203125 0.005859375 0.533203125 0.01171875 0.53125 0.013671875 0.53125 0.021484375 0.541015625 0.021484375 0.54296875 0.01953125 0.546875 0.01953125 0.552734375 0.013671875 0.552734375 0.005859375 0.556640625 0.001953125 0.55859375 0.001953125 0.560546875 0.0 0.5390625 0.0 0.537109375 0.001953125 0.53515625 0.0
