0 0.755859375 0.734375 0.75390625 0.736328125 0.75390625 0.7421875 0.7578125 0.74609375 0.759765625 0.74609375 0.759765625 0.7421875 0.76171875 0.740234375 0.76171875 0.73828125 0.759765625 0.73828125
0 0.830078125 0.67578125 0.828125 0.677734375 0.82421875 0.677734375 0.82421875 0.6796875 0.818359375 0.685546875 0.8203125 0.6875 0.8203125 0.693359375 0.822265625 0.693359375 0.826171875 0.697265625 0.830078125 0.697265625 0.83203125 0.6953125 0.833984375 0.6953125 0.837890625 0.69140625 0.83984375 0.69140625 0.841796875 0.693359375 0.83984375 0.6953125 0.83984375 0.697265625 0.8359375 0.701171875 0.8359375 0.712890625 0.83984375 0.712890625 0.841796875 0.71484375 0.845703125 0.71484375 0.84765625 0.712890625 0.84765625 0.701171875 0.849609375 0.69921875 0.849609375 0.6953125 0.845703125 0.69140625 0.84375 0.69140625 0.841796875 0.689453125 0.841796875 0.68359375 0.83984375 0.681640625 0.83984375 0.6796875 0.8359375 0.67578125
0 0.53125 0.56640625 0.529296875 0.568359375 0.529296875 0.572265625 0.5390625 0.58203125 0.541015625 0.58203125 0.54296875 0.583984375 0.544921875 0.583984375 0.546875 0.58203125 0.546875 0.580078125 0.548828125 0.578125 0.548828125 0.576171875 0.55078125 0.57421875 0.55078125 0.568359375 0.54296875 0.568359375 0.541015625 0.56640625
0 0.45703125 0.552734375 0.44921875 0.560546875 0.44921875 0.564453125 0.453125 0.564453125 0.458984375 0.55859375 0.458984375 0.5546875
0 0.51953125 0.45703125 0.51953125 0.458984375 0.517578125 0.4609375 0.517578125 0.466796875 0.521484375 0.470703125 0.5234375 0.46875 0.525390625 0.46875 0.529296875 0.46484375 0.529296875 0.462890625 0.53125 0.4609375 0.53125 0.458984375 0.529296875 0.45703125
0 0.638671875 0.439453125 0.630859375 0.447265625 0.6328125 0.44921875 0.634765625 0.44921875 0.63671875 0.451171875 0.640625 0.451171875 0.640625 0.44921875 0.642578125 0.447265625 0.642578125 0.44140625 0.640625 0.439453125
0 0.62890625 0.435546875 0.626953125 0.4375 0.626953125 0.439453125 0.623046875 0.443359375 0.625 0.4453125 0.626953125 0.4453125 0.6328125 0.439453125 0.6328125 0.4375 0.630859375 0.435546875
0 0.564453125 0.43359375 0.564453125 0.435546875 0.5625 0.4375 0.5625 0.443359375 0.5703125 0.443359375 0.57421875 0.439453125 0.572265625 0.4375 0.572265625 0.43359375
0 0.388671875 0.431640625 0.3828125 0.4375 0.3828125 0.439453125 0.384765625 0.44140625 0.384765625 0.443359375 0.392578125 0.443359375 0.39453125 0.44140625 0.39453125 0.435546875 0.390625 0.431640625
0 0.599609375 0.427734375 0.595703125 0.431640625 0.595703125 0.43359375 0.59375 0.435546875 0.6015625 0.435546875 0.6015625 0.4296875
