0 0.958984375 0.828125 0.95703125 0.830078125 0.95703125 0.83203125 0.958984375 0.833984375 0.97265625 0.833984375 0.97265625 0.83203125 0.96875 0.828125
0 0.9609375 0.787109375 0.958984375 0.7890625 0.958984375 0.791015625 0.95703125 0.79296875 0.95703125 0.794921875 0.962890625 0.794921875 0.96484375 0.796875 0.970703125 0.796875 0.97265625 0.794921875 0.97265625 0.791015625 0.970703125 0.7890625 0.96875 0.7890625 0.966796875 0.787109375
0 0.9609375 0.77734375 0.958984375 0.779296875 0.958984375 0.78125 0.970703125 0.78125 0.97265625 0.779296875 0.974609375 0.779296875 0.974609375 0.77734375
0 0.765625 0.763671875 0.763671875 0.765625 0.763671875 0.7734375 0.767578125 0.77734375 0.767578125 0.779296875 0.76953125 0.78125 0.76953125 0.78515625 0.771484375 0.787109375 0.771484375 0.7890625 0.779296875 0.78125 0.779296875 0.779296875 0.78125 0.77734375 0.78125 0.765625 0.779296875 0.763671875 0.775390625 0.763671875 0.7734375 0.765625 0.771484375 0.765625 0.76953125 0.763671875
0 0.736328125 0.763671875 0.732421875 0.767578125 0.732421875 0.76953125 0.73046875 0.771484375 0.73046875 0.7734375 0.728515625 0.775390625 0.728515625 0.779296875 0.734375 0.779296875 0.73828125 0.775390625 0.73828125 0.771484375 0.740234375 0.76953125 0.740234375 0.765625 0.73828125 0.763671875
0 0.734375 0.7421875 0.732421875 0.744140625 0.73046875 0.744140625 0.7265625 0.748046875 0.724609375 0.748046875 0.72265625 0.75 0.720703125 0.75 0.71875 0.751953125 0.7109375 0.751953125 0.708984375 0.75390625 0.70703125 0.75390625 0.708984375 0.755859375 0.7109375 0.755859375 0.712890625 0.7578125 0.716796875 0.7578125 0.71875 0.755859375 0.7265625 0.755859375 0.728515625 0.75390625 0.73046875 0.75390625 0.73828125 0.74609375 0.73828125 0.7421875
0 0.81640625 0.736328125 0.81640625 0.740234375 0.8125 0.744140625 0.8125 0.74609375 0.810546875 0.748046875 0.810546875 0.755859375 0.8125 0.7578125 0.814453125 0.755859375 0.81640625 0.755859375 0.818359375 0.75390625 0.818359375 0.751953125 0.8203125 0.75 0.8203125 0.748046875 0.822265625 0.74609375 0.822265625 0.740234375 0.818359375 0.736328125
0 0.255859375 0.734375 0.25390625 0.736328125 0.25390625 0.7421875 0.2578125 0.74609375 0.259765625 0.74609375 0.259765625 0.7421875 0.26171875 0.740234375 0.26171875 0.73828125 0.259765625 0.73828125
0 0.955078125 0.716796875 0.953125 0.71875 0.951171875 0.71875 0.94140625 0.728515625 0.94140625 0.732421875 0.939453125 0.734375 0.939453125 0.73828125 0.94140625 0.740234375 0.943359375 0.740234375 0.9453125 0.73828125 0.94921875 0.73828125 0.951171875 0.736328125 0.955078125 0.736328125 0.95703125 0.734375 0.958984375 0.734375 0.96484375 0.728515625 0.96484375 0.724609375 0.962890625 0.72265625 0.962890625 0.720703125 0.9609375 0.71875 0.958984375 0.71875 0.95703125 0.716796875
0 0.330078125 0.67578125 0.328125 0.677734375 0.32421875 0.677734375 0.32421875 0.6796875 0.318359375 0.685546875 0.3203125 0.6875 0.3203125 0.693359375 0.322265625 0.693359375 0.326171875 0.697265625 0.330078125 0.697265625 0.33203125 0.6953125 0.333984375 0.6953125 0.337890625 0.69140625 0.33984375 0.69140625 0.341796875 0.693359375 0.33984375 0.6953125 0.33984375 0.697265625 0.3359375 0.701171875 0.3359375 0.712890625 0.33984375 0.712890625 0.341796875 0.71484375 0.345703125 0.71484375 0.34765625 0.712890625 0.34765625 0.701171875 0.349609375 0.69921875 0.349609375 0.6953125 0.345703125 0.69140625 0.34375 0.69140625 0.341796875 0.689453125 0.341796875 0.68359375 0.33984375 0.681640625 0.33984375 0.6796875 0.3359375 0.67578125
0 0.03125 0.56640625 0.029296875 0.568359375 0.029296875 0.572265625 0.0390625 0.58203125 0.041015625 0.58203125 0.04296875 0.583984375 0.044921875 0.583984375 0.046875 0.58203125 0.046875 0.580078125 0.048828125 0.578125 0.048828125 0.576171875 0.05078125 0.57421875 0.05078125 0.568359375 0.04296875 0.568359375 0.041015625 0.56640625
0 0.01953125 0.45703125 0.01953125 0.458984375 0.017578125 0.4609375 0.017578125 0.466796875 0.021484375 0.470703125 0.0234375 0.46875 0.025390625 0.46875 0.029296875 0.46484375 0.029296875 0.462890625 0.03125 0.4609375 0.03125 0.458984375 0.029296875 0.45703125
0 0.138671875 0.439453125 0.130859375 0.447265625 0.1328125 0.44921875 0.134765625 0.44921875 0.13671875 0.451171875 0.140625 0.451171875 0.140625 0.44921875 0.142578125 0.447265625 0.142578125 0.44140625 0.140625 0.439453125
0 0.12890625 0.435546875 0.126953125 0.4375 0.126953125 0.439453125 0.123046875 0.443359375 0.125 0.4453125 0.126953125 0.4453125 0.1328125 0.439453125 0.1328125 0.4375 0.130859375 0.435546875
0 0.064453125 0.43359375 0.064453125 0.435546875 0.0625 0.4375 0.0625 0.443359375 0.0703125 0.443359375 0.07421875 0.439453125 0.072265625 0.4375 0.072265625 0.43359375
0 0.099609375 0.427734375 0.095703125 0.431640625 0.095703125 0.43359375 0.09375 0.435546875 0.1015625 0.435546875 0.1015625 0.4296875
