0 0.208984375 0.970703125 0.208984375 0.974609375 0.2109375 0.9765625 0.212890625 0.9765625 0.21484375 0.974609375 0.21484375 0.97265625 0.212890625 0.970703125
0 0.443359375 0.927734375 0.44140625 0.9296875 0.439453125 0.9296875 0.4375 0.931640625 0.435546875 0.931640625 0.435546875 0.93359375 0.4375 0.935546875 0.4453125 0.935546875 0.447265625 0.93359375 0.451171875 0.93359375 0.451171875 0.9296875 0.44921875 0.927734375
0 0.427734375 0.90234375 0.42578125 0.904296875 0.421875 0.904296875 0.419921875 0.90625 0.416015625 0.90625 0.4140625 0.908203125 0.41015625 0.908203125 0.408203125 0.91015625 0.40625 0.91015625 0.404296875 0.912109375 0.40625 0.9140625 0.41015625 0.9140625 0.416015625 0.919921875 0.41796875 0.919921875 0.419921875 0.921875 0.421875 0.921875 0.423828125 0.923828125 0.42578125 0.923828125 0.427734375 0.92578125 0.4296875 0.92578125 0.431640625 0.923828125 0.43359375 0.923828125 0.4375 0.919921875 0.4375 0.916015625 0.435546875 0.9140625 0.435546875 0.91015625 0.43359375 0.908203125 0.43359375 0.90625 0.4296875 0.90234375
0 0.392578125 0.693359375 0.390625 0.6953125 0.380859375 0.6953125 0.380859375 0.697265625 0.384765625 0.701171875 0.38671875 0.701171875 0.388671875 0.69921875 0.390625 0.69921875 0.39453125 0.6953125
0 0.40234375 0.630859375 0.400390625 0.6328125 0.396484375 0.6328125 0.39453125 0.634765625 0.396484375 0.63671875 0.396484375 0.638671875 0.404296875 0.646484375 0.40625 0.646484375 0.408203125 0.6484375 0.416015625 0.6484375 0.416015625 0.646484375 0.41796875 0.64453125 0.421875 0.64453125 0.423828125 0.642578125 0.42578125 0.642578125 0.427734375 0.640625 0.427734375 0.638671875 0.423828125 0.634765625 0.4140625 0.634765625 0.412109375 0.6328125 0.408203125 0.6328125 0.40625 0.630859375
0 0.181640625 0.609375 0.177734375 0.61328125 0.177734375 0.619140625 0.17578125 0.62109375 0.177734375 0.623046875 0.177734375 0.625 0.1796875 0.626953125 0.1796875 0.62890625 0.181640625 0.630859375 0.185546875 0.630859375 0.1875 0.62890625 0.1875 0.62109375 0.185546875 0.619140625 0.185546875 0.6171875 0.18359375 0.615234375 0.18359375 0.61328125 0.181640625 0.611328125
0 0.357421875 0.603515625 0.353515625 0.607421875 0.353515625 0.61328125 0.35546875 0.61328125 0.357421875 0.611328125 0.361328125 0.611328125 0.36328125 0.609375 0.36328125 0.60546875 0.361328125 0.603515625
0 0.4140625 0.5703125 0.412109375 0.572265625 0.41015625 0.572265625 0.41015625 0.57421875 0.416015625 0.580078125 0.419921875 0.576171875 0.419921875 0.57421875 0.416015625 0.5703125
0 0.400390625 0.509765625 0.3984375 0.51171875 0.396484375 0.51171875 0.390625 0.517578125 0.40234375 0.517578125 0.40234375 0.51171875
0 0.439453125 0.490234375 0.439453125 0.4921875 0.435546875 0.49609375 0.4296875 0.49609375 0.443359375 0.49609375 0.4453125 0.494140625 0.443359375 0.4921875 0.443359375 0.490234375
0 0.3828125 0.486328125 0.380859375 0.48828125 0.380859375 0.494140625 0.384765625 0.498046875 0.388671875 0.498046875 0.390625 0.49609375 0.39453125 0.49609375 0.396484375 0.494140625 0.39453125 0.4921875 0.39453125 0.48828125 0.392578125 0.486328125
0 0.41015625 0.4609375 0.40625 0.46484375 0.40625 0.466796875 0.408203125 0.466796875 0.41015625 0.46875 0.412109375 0.46875 0.412109375 0.466796875 0.4140625 0.46484375 0.4140625 0.4609375
0 0.423828125 0.400390625 0.421875 0.40234375 0.419921875 0.40234375 0.41796875 0.404296875 0.41796875 0.408203125 0.423828125 0.4140625 0.42578125 0.4140625 0.427734375 0.416015625 0.4296875 0.416015625 0.4296875 0.40234375 0.427734375 0.400390625
0 0.111328125 0.375 0.111328125 0.3828125 0.115234375 0.3828125 0.1171875 0.380859375 0.1171875 0.376953125 0.115234375 0.376953125 0.11328125 0.375
0 0.416015625 0.33984375 0.4140625 0.341796875 0.4140625 0.34765625 0.41015625 0.3515625 0.41015625 0.353515625 0.408203125 0.35546875 0.408203125 0.357421875 0.40625 0.359375 0.40625 0.361328125 0.404296875 0.36328125 0.404296875 0.365234375 0.40234375 0.3671875 0.40234375 0.369140625 0.400390625 0.37109375 0.400390625 0.375 0.421875 0.375 0.42578125 0.37890625 0.427734375 0.37890625 0.431640625 0.3828125 0.43359375 0.3828125 0.435546875 0.380859375 0.435546875 0.376953125 0.4375 0.375 0.4375 0.3671875 0.435546875 0.365234375 0.435546875 0.361328125 0.431640625 0.357421875 0.431640625 0.35546875 0.427734375 0.3515625 0.427734375 0.349609375 0.42578125 0.34765625 0.42578125 0.34375 0.421875 0.33984375
0 0.591796875 0.046875 0.58984375 0.048828125 0.587890625 0.048828125 0.583984375 0.052734375 0.58203125 0.052734375 0.580078125 0.0546875 0.576171875 0.0546875 0.57421875 0.056640625 0.568359375 0.056640625 0.56640625 0.0546875 0.564453125 0.0546875 0.5625 0.052734375 0.556640625 0.052734375 0.552734375 0.056640625 0.552734375 0.064453125 0.560546875 0.072265625 0.5625 0.072265625 0.564453125 0.07421875 0.56640625 0.07421875 0.568359375 0.076171875 0.57421875 0.076171875 0.576171875 0.078125 0.58984375 0.078125 0.595703125 0.083984375 0.59765625 0.083984375 0.599609375 0.0859375 0.60546875 0.0859375 0.607421875 0.083984375 0.609375 0.083984375 0.615234375 0.078125 0.615234375 0.06640625 0.61328125 0.064453125 0.61328125 0.056640625 0.611328125 0.0546875 0.609375 0.0546875 0.603515625 0.048828125 0.6015625 0.048828125 0.599609375 0.046875
