0 0.85546875 0.99609375 0.853515625 0.998046875 0.85546875 0.998046875
0 0.923828125 0.98046875 0.923828125 0.982421875 0.921875 0.984375 0.921875 0.98828125 0.923828125 0.990234375 0.923828125 0.994140625 0.927734375 0.994140625 0.927734375 0.984375 0.92578125 0.982421875 0.92578125 0.98046875
0 0.560546875 0.95703125 0.560546875 0.9609375 0.564453125 0.9609375 0.564453125 0.958984375 0.5625 0.95703125
0 0.88671875 0.94921875 0.88671875 0.955078125 0.888671875 0.95703125 0.890625 0.95703125 0.890625 0.955078125 0.892578125 0.953125 0.888671875 0.94921875
0 0.8125 0.9375 0.8125 0.94140625 0.810546875 0.943359375 0.810546875 0.9453125 0.8125 0.947265625 0.8125 0.94921875 0.81640625 0.953125 0.822265625 0.953125 0.82421875 0.955078125 0.82421875 0.958984375 0.826171875 0.9609375 0.828125 0.958984375 0.828125 0.953125 0.830078125 0.951171875 0.830078125 0.947265625 0.828125 0.9453125 0.828125 0.943359375 0.822265625 0.9375
0 0.916015625 0.923828125 0.916015625 0.92578125 0.91796875 0.92578125 0.921875 0.9296875 0.921875 0.931640625 0.923828125 0.931640625 0.92578125 0.9296875 0.92578125 0.923828125
0 0.76171875 0.921875 0.759765625 0.923828125 0.76171875 0.92578125 0.763671875 0.92578125 0.763671875 0.923828125
0 0.541015625 0.91796875 0.541015625 0.923828125 0.544921875 0.919921875 0.54296875 0.91796875
0 0.81640625 0.912109375 0.81640625 0.916015625 0.828125 0.916015625 0.830078125 0.91796875 0.830078125 0.9140625 0.822265625 0.9140625 0.8203125 0.912109375
0 0.908203125 0.869140625 0.90625 0.87109375 0.90625 0.873046875 0.912109375 0.873046875 0.9140625 0.87109375 0.912109375 0.869140625
0 0.830078125 0.869140625 0.826171875 0.873046875 0.828125 0.875 0.83203125 0.875 0.833984375 0.873046875 0.833984375 0.869140625
0 0.90625 0.69140625 0.904296875 0.693359375 0.904296875 0.705078125 0.90234375 0.70703125 0.90234375 0.7109375 0.904296875 0.712890625 0.90625 0.712890625 0.908203125 0.7109375 0.908203125 0.693359375
0 0.880859375 0.67578125 0.876953125 0.6796875 0.876953125 0.681640625 0.87890625 0.68359375 0.87890625 0.6875 0.8828125 0.69140625 0.884765625 0.69140625 0.88671875 0.693359375 0.888671875 0.693359375 0.890625 0.69140625 0.890625 0.681640625 0.88671875 0.677734375 0.884765625 0.677734375 0.8828125 0.67578125
0 0.966796875 0.6484375 0.962890625 0.65234375 0.962890625 0.65625 0.9609375 0.658203125 0.9609375 0.6640625 0.96484375 0.66796875 0.966796875 0.66796875 0.966796875 0.66015625 0.974609375 0.65234375 0.974609375 0.6484375
0 0.896484375 0.638671875 0.892578125 0.642578125 0.892578125 0.6484375 0.89453125 0.6484375 0.896484375 0.650390625 0.90234375 0.650390625 0.90625 0.654296875 0.90625 0.65625 0.91015625 0.65625 0.91015625 0.654296875 0.908203125 0.65234375 0.908203125 0.6484375 0.90625 0.6484375 0.90234375 0.64453125 0.90234375 0.642578125 0.900390625 0.640625 0.900390625 0.638671875
0 0.90234375 0.603515625 0.90234375 0.60546875 0.900390625 0.607421875 0.90234375 0.609375 0.900390625 0.611328125 0.900390625 0.61328125 0.8984375 0.615234375 0.8984375 0.619140625 0.91015625 0.619140625 0.912109375 0.6171875 0.912109375 0.615234375 0.908203125 0.611328125 0.908203125 0.60546875 0.91015625 0.603515625
0 0.90234375 0.58203125 0.90234375 0.583984375 0.900390625 0.5859375 0.900390625 0.591796875 0.90234375 0.59375 0.90625 0.59375 0.908203125 0.595703125 0.908203125 0.59375 0.91015625 0.591796875 0.91015625 0.587890625 0.912109375 0.5859375 0.912109375 0.583984375 0.91015625 0.58203125
0 0.904296875 0.560546875 0.904296875 0.564453125 0.90625 0.56640625 0.91015625 0.56640625 0.91015625 0.564453125 0.90625 0.560546875
0 0.91015625 0.55078125 0.912109375 0.552734375 0.912109375 0.556640625 0.916015625 0.556640625 0.916015625 0.5546875 0.912109375 0.55078125
0 0.091796875 0.546875 0.08984375 0.548828125 0.087890625 0.548828125 0.083984375 0.552734375 0.08203125 0.552734375 0.080078125 0.5546875 0.076171875 0.5546875 0.07421875 0.556640625 0.068359375 0.556640625 0.06640625 0.5546875 0.064453125 0.5546875 0.0625 0.552734375 0.056640625 0.552734375 0.052734375 0.556640625 0.052734375 0.564453125 0.060546875 0.572265625 0.0625 0.572265625 0.064453125 0.57421875 0.06640625 0.57421875 0.068359375 0.576171875 0.07421875 0.576171875 0.076171875 0.578125 0.08984375 0.578125 0.095703125 0.583984375 0.09765625 0.583984375 0.099609375 0.5859375 0.10546875 0.5859375 0.107421875 0.583984375 0.109375 0.583984375 0.115234375 0.578125 0.115234375 0.56640625 0.11328125 0.564453125 0.11328125 0.556640625 0.111328125 0.5546875 0.109375 0.5546875 0.103515625 0.548828125 0.1015625 0.548828125 0.099609375 0.546875
0 0.59375 0.529296875 0.591796875 0.53125 0.587890625 0.53125 0.5859375 0.533203125 0.5859375 0.53515625 0.583984375 0.537109375 0.5859375 0.5390625 0.5859375 0.541015625 0.587890625 0.5390625 0.591796875 0.5390625 0.59375 0.537109375 0.595703125 0.537109375 0.59765625 0.53515625 0.6015625 0.53515625 0.603515625 0.533203125 0.599609375 0.529296875
0 0.904296875 0.521484375 0.904296875 0.525390625 0.91015625 0.53125 0.912109375 0.53125 0.9140625 0.533203125 0.916015625 0.53125 0.91015625 0.525390625 0.91015625 0.5234375 0.908203125 0.521484375
0 0.68359375 0.509765625 0.68359375 0.51953125 0.685546875 0.521484375 0.685546875 0.5234375 0.6875 0.525390625 0.6875 0.529296875 0.689453125 0.53125 0.689453125 0.533203125 0.69140625 0.53515625 0.69140625 0.537109375 0.693359375 0.5390625 0.6953125 0.5390625 0.6953125 0.525390625 0.693359375 0.5234375 0.693359375 0.515625 0.69140625 0.513671875 0.69140625 0.51171875 0.685546875 0.51171875
0 0.591796875 0.494140625 0.591796875 0.49609375 0.58984375 0.498046875 0.58984375 0.513671875 0.587890625 0.515625 0.587890625 0.517578125 0.5859375 0.51953125 0.587890625 0.51953125 0.58984375 0.521484375 0.591796875 0.521484375 0.59375 0.51953125 0.59765625 0.51953125 0.6015625 0.515625 0.603515625 0.515625 0.60546875 0.513671875 0.60546875 0.51171875 0.609375 0.5078125 0.609375 0.498046875 0.60546875 0.494140625
0 0.888671875 0.396484375 0.88671875 0.3984375 0.88671875 0.400390625 0.888671875 0.40234375 0.896484375 0.40234375 0.896484375 0.396484375
0 0.9296875 0.39453125 0.927734375 0.396484375 0.927734375 0.400390625 0.9296875 0.400390625 0.931640625 0.40234375 0.935546875 0.40234375 0.9375 0.400390625 0.93359375 0.396484375 0.931640625 0.396484375
0 0.93359375 0.357421875 0.931640625 0.359375 0.931640625 0.361328125 0.9296875 0.36328125 0.9296875 0.369140625 0.931640625 0.37109375 0.931640625 0.373046875 0.93359375 0.375 0.935546875 0.373046875 0.939453125 0.373046875 0.943359375 0.369140625 0.9453125 0.369140625 0.951171875 0.36328125 0.951171875 0.359375 0.94921875 0.357421875
0 0.07421875 0.28125 0.0703125 0.28515625 0.078125 0.29296875 0.08203125 0.29296875 0.083984375 0.294921875 0.091796875 0.294921875 0.09375 0.296875 0.09375 0.298828125 0.09765625 0.298828125 0.099609375 0.30078125 0.103515625 0.30078125 0.10546875 0.298828125 0.107421875 0.298828125 0.111328125 0.294921875 0.11328125 0.294921875 0.11328125 0.29296875 0.111328125 0.291015625 0.109375 0.291015625 0.107421875 0.2890625 0.099609375 0.2890625 0.09765625 0.291015625 0.095703125 0.291015625 0.09375 0.2890625 0.09375 0.287109375 0.08984375 0.283203125 0.087890625 0.283203125 0.0859375 0.28125
0 0.09375 0.23046875 0.091796875 0.232421875 0.091796875 0.234375 0.08984375 0.236328125 0.08984375 0.240234375 0.087890625 0.2421875 0.087890625 0.244140625 0.083984375 0.248046875 0.083984375 0.25 0.08203125 0.251953125 0.08203125 0.255859375 0.083984375 0.2578125 0.0859375 0.2578125 0.087890625 0.259765625 0.091796875 0.259765625 0.09375 0.26171875 0.095703125 0.26171875 0.09765625 0.259765625 0.099609375 0.26171875 0.099609375 0.265625 0.09765625 0.267578125 0.09765625 0.26953125 0.09375 0.2734375 0.09375 0.275390625 0.103515625 0.275390625 0.10546875 0.2734375 0.107421875 0.2734375 0.111328125 0.26953125 0.111328125 0.267578125 0.11328125 0.265625 0.11328125 0.26171875 0.111328125 0.259765625 0.111328125 0.255859375 0.107421875 0.251953125 0.103515625 0.251953125 0.103515625 0.255859375 0.1015625 0.2578125 0.1015625 0.259765625 0.099609375 0.26171875 0.09765625 0.259765625 0.09765625 0.25390625 0.099609375 0.251953125 0.099609375 0.244140625 0.095703125 0.240234375 0.095703125 0.23046875
0 0.09765625 0.21484375 0.09765625 0.216796875 0.109375 0.228515625 0.109375 0.23046875 0.111328125 0.232421875 0.111328125 0.23046875 0.11328125 0.228515625 0.111328125 0.2265625 0.111328125 0.224609375 0.109375 0.22265625 0.109375 0.220703125 0.10546875 0.216796875 0.103515625 0.216796875 0.1015625 0.21484375
0 0.115234375 0.1796875 0.111328125 0.18359375 0.109375 0.18359375 0.107421875 0.185546875 0.103515625 0.185546875 0.1015625 0.1875 0.1015625 0.189453125 0.099609375 0.19140625 0.099609375 0.1953125 0.1015625 0.1953125 0.103515625 0.197265625 0.10546875 0.197265625 0.107421875 0.19921875 0.109375 0.19921875 0.111328125 0.201171875 0.11328125 0.201171875 0.12109375 0.193359375 0.12109375 0.19140625 0.123046875 0.189453125 0.123046875 0.18359375 0.12109375 0.181640625 0.119140625 0.181640625 0.1171875 0.1796875
0 0.130859375 0.158203125 0.126953125 0.162109375 0.126953125 0.1640625 0.125 0.166015625 0.125 0.16796875 0.126953125 0.169921875 0.126953125 0.173828125 0.130859375 0.177734375 0.1328125 0.17578125 0.134765625 0.17578125 0.138671875 0.171875 0.138671875 0.169921875 0.140625 0.16796875 0.140625 0.166015625 0.138671875 0.1640625 0.138671875 0.16015625 0.13671875 0.16015625 0.134765625 0.158203125
0 0.09765625 0.08203125 0.095703125 0.083984375 0.09375 0.083984375 0.091796875 0.0859375 0.091796875 0.087890625 0.08984375 0.08984375 0.08984375 0.09375 0.087890625 0.095703125 0.087890625 0.099609375 0.0859375 0.1015625 0.0859375 0.103515625 0.083984375 0.10546875 0.083984375 0.109375 0.09375 0.119140625 0.095703125 0.119140625 0.09765625 0.12109375 0.107421875 0.12109375 0.109375 0.119140625 0.111328125 0.119140625 0.123046875 0.107421875 0.123046875 0.10546875 0.125 0.103515625 0.125 0.09765625 0.123046875 0.095703125 0.12109375 0.095703125 0.119140625 0.09375 0.1171875 0.09375 0.115234375 0.091796875 0.11328125 0.091796875 0.111328125 0.08984375 0.109375 0.08984375 0.10546875 0.0859375 0.103515625 0.0859375 0.099609375 0.08203125
0 0.109375 0.072265625 0.109375 0.076171875 0.111328125 0.078125 0.11328125 0.078125 0.115234375 0.080078125 0.119140625 0.080078125 0.12109375 0.08203125 0.123046875 0.08203125 0.125 0.083984375 0.126953125 0.083984375 0.12890625 0.0859375 0.1328125 0.0859375 0.1328125 0.083984375 0.134765625 0.08203125 0.134765625 0.078125 0.1328125 0.076171875 0.130859375 0.076171875 0.12890625 0.07421875 0.115234375 0.07421875 0.11328125 0.072265625
0 0.123046875 0.009765625 0.123046875 0.01171875 0.125 0.01171875 0.130859375 0.017578125 0.130859375 0.01953125 0.12890625 0.021484375 0.125 0.021484375 0.12109375 0.017578125 0.1171875 0.017578125 0.1171875 0.021484375 0.119140625 0.021484375 0.130859375 0.033203125 0.134765625 0.033203125 0.13671875 0.03125 0.13671875 0.02734375 0.134765625 0.025390625 0.13671875 0.0234375 0.13671875 0.015625 0.1328125 0.01171875 0.126953125 0.01171875 0.125 0.009765625
0 0.20703125 0.001953125 0.205078125 0.00390625 0.205078125 0.013671875 0.20703125 0.015625 0.20703125 0.013671875 0.208984375 0.01171875 0.208984375 0.00390625
