0 0.103515625 0.97265625 0.1015625 0.974609375 0.1015625 0.9765625 0.09375 0.984375 0.09375 0.986328125 0.095703125 0.986328125 0.099609375 0.982421875 0.1015625 0.984375 0.103515625 0.982421875 0.10546875 0.982421875 0.107421875 0.98046875 0.107421875 0.978515625 0.10546875 0.9765625 0.10546875 0.97265625
0 0.361328125 0.962890625 0.359375 0.96484375 0.359375 0.96875 0.365234375 0.974609375 0.37109375 0.974609375 0.375 0.970703125 0.375 0.96875 0.37109375 0.96484375 0.3671875 0.96484375 0.365234375 0.962890625
0 0.376953125 0.94140625 0.375 0.943359375 0.373046875 0.943359375 0.373046875 0.947265625 0.37109375 0.94921875 0.37109375 0.955078125 0.373046875 0.95703125 0.37890625 0.95703125 0.380859375 0.955078125 0.380859375 0.953125 0.3828125 0.951171875 0.3828125 0.94921875 0.380859375 0.947265625 0.380859375 0.9453125
0 0.115234375 0.8125 0.115234375 0.8203125 0.119140625 0.8203125 0.12109375 0.818359375 0.12109375 0.81640625 0.119140625 0.814453125 0.1171875 0.814453125
0 0.15234375 0.798828125 0.150390625 0.80078125 0.15234375 0.802734375 0.15625 0.802734375 0.15625 0.80078125 0.154296875 0.798828125
0 0.15234375 0.77734375 0.15234375 0.779296875 0.15625 0.783203125 0.15625 0.78515625 0.158203125 0.783203125 0.158203125 0.78125 0.154296875 0.77734375
0 0.125 0.732421875 0.125 0.734375 0.126953125 0.734375 0.12890625 0.732421875
0 0.130859375 0.7265625 0.130859375 0.728515625 0.1328125 0.73046875 0.1328125 0.7265625
0 0.150390625 0.693359375 0.1484375 0.6953125 0.1484375 0.697265625 0.150390625 0.697265625 0.15234375 0.69921875 0.154296875 0.697265625 0.154296875 0.6953125 0.15234375 0.693359375
0 0.21875 0.6875 0.220703125 0.689453125 0.220703125 0.6875
0 0.169921875 0.68359375 0.169921875 0.685546875 0.166015625 0.689453125 0.1640625 0.689453125 0.166015625 0.69140625 0.169921875 0.69140625 0.169921875 0.689453125 0.171875 0.6875 0.171875 0.685546875
0 0.171875 0.662109375 0.171875 0.666015625 0.173828125 0.66796875 0.177734375 0.66796875 0.17578125 0.666015625 0.17578125 0.6640625 0.173828125 0.6640625
0 0.189453125 0.658203125 0.1875 0.66015625 0.185546875 0.66015625 0.18359375 0.662109375 0.181640625 0.662109375 0.18359375 0.6640625 0.189453125 0.6640625 0.19140625 0.662109375 0.19140625 0.658203125
0 0.208984375 0.638671875 0.208984375 0.640625 0.20703125 0.642578125 0.212890625 0.642578125 0.21484375 0.640625 0.21484375 0.638671875
0 0.23828125 0.609375 0.236328125 0.611328125 0.236328125 0.615234375 0.23828125 0.615234375
0 0.240234375 0.603515625 0.240234375 0.60546875 0.2421875 0.607421875 0.2421875 0.60546875
0 0.21875 0.44140625 0.21875 0.443359375 0.220703125 0.443359375 0.22265625 0.44140625
0 0.486328125 0.431640625 0.486328125 0.435546875 0.48828125 0.4375 0.48828125 0.431640625
0 0.451171875 0.4140625 0.451171875 0.41796875 0.455078125 0.41796875 0.45703125 0.416015625 0.455078125 0.4140625
0 0.447265625 0.3984375 0.447265625 0.40234375 0.451171875 0.40234375 0.451171875 0.400390625 0.44921875 0.3984375
0 0.10546875 0.3671875 0.103515625 0.369140625 0.103515625 0.373046875 0.107421875 0.369140625 0.107421875 0.3671875
0 0.11328125 0.36328125 0.111328125 0.365234375 0.111328125 0.37109375 0.11328125 0.373046875 0.119140625 0.373046875 0.12109375 0.37109375 0.12109375 0.369140625 0.119140625 0.3671875 0.119140625 0.365234375 0.1171875 0.36328125
0 0.037109375 0.3515625 0.03515625 0.353515625 0.03515625 0.357421875 0.037109375 0.359375 0.037109375 0.361328125 0.041015625 0.361328125 0.041015625 0.35546875 0.0390625 0.353515625 0.0390625 0.3515625
0 0.10546875 0.34765625 0.103515625 0.349609375 0.103515625 0.353515625 0.107421875 0.353515625 0.109375 0.3515625 0.109375 0.34765625
0 0.02734375 0.34765625 0.02734375 0.3515625 0.029296875 0.349609375 0.029296875 0.34765625
0 0.1171875 0.33203125 0.1171875 0.333984375 0.115234375 0.3359375 0.115234375 0.341796875 0.1171875 0.341796875 0.123046875 0.3359375 0.123046875 0.333984375 0.12109375 0.33203125
0 0.30078125 0.19921875 0.298828125 0.201171875 0.296875 0.201171875 0.294921875 0.203125 0.29296875 0.203125 0.29296875 0.205078125 0.294921875 0.20703125 0.294921875 0.208984375 0.296875 0.208984375 0.298828125 0.20703125 0.298828125 0.205078125 0.30078125 0.203125
