0 0.939453125 0.990234375 0.939453125 0.9921875 0.935546875 0.99609375 0.9296875 0.99609375 0.943359375 0.99609375 0.9453125 0.994140625 0.943359375 0.9921875 0.943359375 0.990234375
0 0.8828125 0.986328125 0.880859375 0.98828125 0.880859375 0.994140625 0.884765625 0.998046875 0.888671875 0.998046875 0.890625 0.99609375 0.89453125 0.99609375 0.896484375 0.994140625 0.89453125 0.9921875 0.89453125 0.98828125 0.892578125 0.986328125
0 0.91015625 0.9609375 0.90625 0.96484375 0.90625 0.966796875 0.908203125 0.966796875 0.91015625 0.96875 0.912109375 0.96875 0.912109375 0.966796875 0.9140625 0.96484375 0.9140625 0.9609375
0 0.923828125 0.900390625 0.921875 0.90234375 0.919921875 0.90234375 0.91796875 0.904296875 0.91796875 0.908203125 0.923828125 0.9140625 0.92578125 0.9140625 0.927734375 0.916015625 0.9296875 0.916015625 0.9296875 0.90234375 0.927734375 0.900390625
0 0.611328125 0.875 0.611328125 0.8828125 0.615234375 0.8828125 0.6171875 0.880859375 0.6171875 0.876953125 0.615234375 0.876953125 0.61328125 0.875
0 0.916015625 0.83984375 0.9140625 0.841796875 0.9140625 0.84765625 0.91015625 0.8515625 0.91015625 0.853515625 0.908203125 0.85546875 0.908203125 0.857421875 0.90625 0.859375 0.90625 0.861328125 0.904296875 0.86328125 0.904296875 0.865234375 0.90234375 0.8671875 0.90234375 0.869140625 0.900390625 0.87109375 0.900390625 0.875 0.921875 0.875 0.92578125 0.87890625 0.927734375 0.87890625 0.931640625 0.8828125 0.93359375 0.8828125 0.935546875 0.880859375 0.935546875 0.876953125 0.9375 0.875 0.9375 0.8671875 0.935546875 0.865234375 0.935546875 0.861328125 0.931640625 0.857421875 0.931640625 0.85546875 0.927734375 0.8515625 0.927734375 0.849609375 0.92578125 0.84765625 0.92578125 0.84375 0.921875 0.83984375
0 0.224609375 0.779296875 0.224609375 0.787109375 0.2265625 0.7890625 0.23828125 0.7890625 0.240234375 0.791015625 0.244140625 0.791015625 0.24609375 0.79296875 0.248046875 0.79296875 0.25390625 0.798828125 0.25390625 0.8046875 0.24609375 0.8125 0.24609375 0.8203125 0.248046875 0.822265625 0.248046875 0.82421875 0.251953125 0.828125 0.251953125 0.830078125 0.255859375 0.833984375 0.2578125 0.833984375 0.259765625 0.8359375 0.275390625 0.8359375 0.28125 0.830078125 0.28125 0.828125 0.28515625 0.82421875 0.28515625 0.822265625 0.287109375 0.8203125 0.287109375 0.81640625 0.28515625 0.814453125 0.287109375 0.8125 0.28515625 0.810546875 0.28515625 0.80859375 0.283203125 0.806640625 0.283203125 0.802734375 0.28125 0.80078125 0.28125 0.798828125 0.279296875 0.796875 0.279296875 0.79296875 0.275390625 0.7890625 0.275390625 0.787109375 0.26953125 0.78125 0.26171875 0.78125 0.259765625 0.779296875 0.2578125 0.779296875 0.255859375 0.78125 0.248046875 0.78125 0.24609375 0.783203125 0.234375 0.783203125 0.23046875 0.779296875
0 0.400390625 0.681640625 0.3984375 0.68359375 0.396484375 0.68359375 0.39453125 0.685546875 0.392578125 0.685546875 0.392578125 0.6875 0.390625 0.689453125 0.392578125 0.69140625 0.39453125 0.69140625 0.40234375 0.69921875 0.408203125 0.69921875 0.41015625 0.697265625 0.41015625 0.6953125 0.412109375 0.693359375 0.412109375 0.685546875 0.41015625 0.685546875 0.408203125 0.68359375 0.40625 0.68359375 0.404296875 0.681640625
0 0.369140625 0.625 0.369140625 0.626953125 0.3671875 0.62890625 0.3671875 0.630859375 0.369140625 0.6328125 0.369140625 0.634765625 0.373046875 0.638671875 0.373046875 0.640625 0.375 0.642578125 0.376953125 0.642578125 0.37890625 0.64453125 0.380859375 0.64453125 0.3828125 0.646484375 0.384765625 0.646484375 0.388671875 0.650390625 0.388671875 0.65625 0.390625 0.658203125 0.390625 0.66015625 0.392578125 0.662109375 0.40234375 0.662109375 0.404296875 0.6640625 0.40625 0.662109375 0.408203125 0.662109375 0.412109375 0.658203125 0.412109375 0.65234375 0.4140625 0.650390625 0.4140625 0.646484375 0.412109375 0.64453125 0.412109375 0.642578125 0.41015625 0.640625 0.41015625 0.638671875 0.40234375 0.630859375 0.400390625 0.630859375 0.3984375 0.62890625 0.3828125 0.62890625 0.380859375 0.626953125 0.37890625 0.626953125 0.376953125 0.625
0 0.212890625 0.298828125 0.2109375 0.30078125 0.20703125 0.30078125 0.205078125 0.302734375 0.205078125 0.310546875 0.203125 0.3125 0.205078125 0.314453125 0.205078125 0.31640625 0.20703125 0.318359375 0.2109375 0.318359375 0.212890625 0.3203125 0.21484375 0.3203125 0.21875 0.32421875 0.21875 0.326171875 0.220703125 0.328125 0.220703125 0.330078125 0.22265625 0.33203125 0.22265625 0.333984375 0.224609375 0.3359375 0.23828125 0.3359375 0.240234375 0.337890625 0.244140625 0.337890625 0.248046875 0.341796875 0.25 0.33984375 0.25390625 0.33984375 0.255859375 0.337890625 0.2578125 0.337890625 0.2578125 0.328125 0.255859375 0.326171875 0.255859375 0.3203125 0.251953125 0.31640625 0.248046875 0.31640625 0.24609375 0.314453125 0.23828125 0.314453125 0.234375 0.310546875 0.232421875 0.310546875 0.2265625 0.3046875 0.224609375 0.3046875 0.220703125 0.30078125 0.21875 0.30078125 0.216796875 0.298828125
0 0.2421875 0.21875 0.240234375 0.220703125 0.236328125 0.220703125 0.2265625 0.23046875 0.2265625 0.23828125 0.228515625 0.240234375 0.228515625 0.2421875 0.23046875 0.244140625 0.23046875 0.248046875 0.232421875 0.25 0.232421875 0.251953125 0.236328125 0.251953125 0.23828125 0.25 0.23828125 0.244140625 0.24609375 0.236328125 0.248046875 0.236328125 0.25 0.234375 0.25390625 0.234375 0.2578125 0.23046875 0.2578125 0.220703125 0.255859375 0.21875
0 0.19140625 0.205078125 0.185546875 0.2109375 0.185546875 0.212890625 0.1796875 0.21875 0.1796875 0.220703125 0.177734375 0.22265625 0.177734375 0.2265625 0.169921875 0.234375 0.16796875 0.234375 0.166015625 0.236328125 0.158203125 0.236328125 0.15625 0.23828125 0.15234375 0.23828125 0.150390625 0.240234375 0.146484375 0.240234375 0.142578125 0.244140625 0.142578125 0.248046875 0.14453125 0.248046875 0.146484375 0.24609375 0.1484375 0.24609375 0.150390625 0.244140625 0.154296875 0.248046875 0.154296875 0.25 0.15625 0.251953125 0.158203125 0.251953125 0.16015625 0.25390625 0.1796875 0.25390625 0.181640625 0.251953125 0.185546875 0.251953125 0.1875 0.25 0.189453125 0.25 0.19140625 0.248046875 0.1953125 0.248046875 0.19921875 0.251953125 0.20703125 0.251953125 0.208984375 0.25 0.2109375 0.25 0.2109375 0.248046875 0.21484375 0.244140625 0.216796875 0.244140625 0.203125 0.23046875 0.201171875 0.23046875 0.1953125 0.224609375 0.1953125 0.22265625 0.193359375 0.220703125 0.193359375 0.20703125
0 0.224609375 0.185546875 0.22265625 0.1875 0.212890625 0.1875 0.2109375 0.189453125 0.2109375 0.19140625 0.216796875 0.197265625 0.21875 0.197265625 0.22265625 0.201171875 0.224609375 0.201171875 0.2265625 0.203125 0.228515625 0.203125 0.23046875 0.205078125 0.236328125 0.205078125 0.23828125 0.20703125 0.244140625 0.20703125 0.24609375 0.208984375 0.248046875 0.208984375 0.25 0.2109375 0.255859375 0.205078125 0.255859375 0.203125 0.248046875 0.1953125 0.24609375 0.1953125 0.244140625 0.193359375 0.240234375 0.193359375 0.23828125 0.19140625 0.236328125 0.19140625 0.234375 0.189453125 0.232421875 0.189453125 0.228515625 0.185546875
0 0.0078125 0.125 0.00390625 0.12890625 0.001953125 0.12890625 0.0 0.130859375 0.0 0.134765625 0.013671875 0.134765625 0.013671875 0.126953125 0.01171875 0.125
0 0.6640625 0.068359375 0.6640625 0.0703125 0.662109375 0.072265625 0.662109375 0.07421875 0.6640625 0.076171875 0.66796875 0.076171875 0.66796875 0.072265625
0 0.451171875 0.01953125 0.451171875 0.025390625 0.453125 0.02734375 0.455078125 0.02734375 0.45703125 0.029296875 0.45703125 0.02734375 0.458984375 0.025390625 0.458984375 0.0234375 0.455078125 0.01953125
