0 0.8671875 0.927734375 0.865234375 0.9296875 0.865234375 0.9375 0.87109375 0.943359375 0.873046875 0.943359375 0.875 0.94140625 0.876953125 0.94140625 0.880859375 0.9375 0.87890625 0.935546875 0.87890625 0.93359375 0.876953125 0.931640625 0.875 0.931640625 0.873046875 0.9296875 0.869140625 0.9296875
0 0.94140625 0.81640625 0.94140625 0.8203125 0.943359375 0.822265625 0.9453125 0.822265625 0.947265625 0.82421875 0.94921875 0.82421875 0.94921875 0.822265625 0.943359375 0.81640625
0 0.958984375 0.794921875 0.95703125 0.796875 0.95703125 0.80078125 0.955078125 0.802734375 0.955078125 0.8046875 0.962890625 0.8125 0.966796875 0.8125 0.96484375 0.810546875 0.96484375 0.80859375 0.962890625 0.806640625 0.962890625 0.8046875 0.9609375 0.802734375 0.9609375 0.798828125 0.958984375 0.796875
0 0.955078125 0.7421875 0.955078125 0.75 0.95703125 0.751953125 0.95703125 0.759765625 0.958984375 0.76171875 0.958984375 0.767578125 0.962890625 0.771484375 0.96875 0.771484375 0.970703125 0.7734375 0.97265625 0.7734375 0.974609375 0.771484375 0.96484375 0.76171875 0.96484375 0.7578125 0.962890625 0.755859375 0.962890625 0.751953125 0.958984375 0.748046875 0.958984375 0.74609375
0 0.98046875 0.732421875 0.98046875 0.73828125 0.982421875 0.740234375 0.982421875 0.7421875 0.984375 0.744140625 0.984375 0.74609375 0.98828125 0.75 0.98828125 0.751953125 0.990234375 0.75390625 0.9921875 0.75390625 0.998046875 0.759765625 0.998046875 0.75 0.994140625 0.75 0.990234375 0.74609375 0.990234375 0.744140625 0.98828125 0.7421875 0.98828125 0.740234375 0.984375 0.736328125 0.984375 0.734375 0.982421875 0.732421875
0 0.6484375 0.6796875 0.64453125 0.68359375 0.64453125 0.6875 0.646484375 0.689453125 0.646484375 0.697265625 0.650390625 0.701171875 0.650390625 0.703125 0.65234375 0.703125 0.66796875 0.71875 0.66796875 0.720703125 0.689453125 0.7421875 0.69140625 0.7421875 0.693359375 0.744140625 0.6953125 0.744140625 0.697265625 0.74609375 0.69921875 0.744140625 0.701171875 0.744140625 0.703125 0.7421875 0.70703125 0.7421875 0.70703125 0.740234375 0.708984375 0.73828125 0.708984375 0.734375 0.7109375 0.732421875 0.7109375 0.73046875 0.708984375 0.728515625 0.708984375 0.7265625 0.70703125 0.724609375 0.70703125 0.72265625 0.685546875 0.701171875 0.685546875 0.69921875 0.68359375 0.69921875 0.6796875 0.6953125 0.677734375 0.6953125 0.67578125 0.693359375 0.673828125 0.693359375 0.6640625 0.68359375 0.662109375 0.68359375 0.66015625 0.681640625 0.654296875 0.681640625 0.65234375 0.6796875
0 0.841796875 0.5859375 0.841796875 0.587890625 0.83984375 0.58984375 0.83984375 0.595703125 0.837890625 0.59765625 0.837890625 0.615234375 0.8359375 0.6171875 0.837890625 0.619140625 0.837890625 0.62109375 0.83984375 0.623046875 0.841796875 0.623046875 0.84375 0.62109375 0.849609375 0.62109375 0.8515625 0.619140625 0.853515625 0.619140625 0.857421875 0.615234375 0.859375 0.615234375 0.859375 0.61328125 0.86328125 0.609375 0.86328125 0.603515625 0.861328125 0.6015625 0.861328125 0.599609375 0.85546875 0.59375 0.85546875 0.591796875 0.853515625 0.58984375 0.8515625 0.58984375 0.84765625 0.5859375
0 0.76953125 0.58203125 0.765625 0.5859375 0.765625 0.587890625 0.763671875 0.58984375 0.763671875 0.603515625 0.765625 0.60546875 0.765625 0.609375 0.763671875 0.611328125 0.763671875 0.6171875 0.76171875 0.619140625 0.76171875 0.626953125 0.763671875 0.62890625 0.763671875 0.630859375 0.765625 0.6328125 0.765625 0.63671875 0.767578125 0.638671875 0.767578125 0.640625 0.77734375 0.650390625 0.779296875 0.650390625 0.78125 0.6484375 0.783203125 0.6484375 0.78515625 0.646484375 0.787109375 0.646484375 0.7890625 0.64453125 0.791015625 0.64453125 0.794921875 0.640625 0.794921875 0.638671875 0.796875 0.63671875 0.796875 0.62890625 0.794921875 0.626953125 0.794921875 0.623046875 0.79296875 0.62109375 0.79296875 0.619140625 0.791015625 0.6171875 0.791015625 0.615234375 0.7890625 0.61328125 0.7890625 0.609375 0.787109375 0.607421875 0.787109375 0.59765625 0.78515625 0.595703125 0.78515625 0.58984375 0.78125 0.5859375 0.779296875 0.5859375 0.77734375 0.583984375 0.775390625 0.583984375 0.7734375 0.58203125
0 0.484375 0.458984375 0.482421875 0.4609375 0.48046875 0.4609375 0.48046875 0.466796875 0.486328125 0.47265625 0.48828125 0.47265625 0.494140625 0.478515625 0.498046875 0.478515625 0.5 0.4765625 0.501953125 0.4765625 0.501953125 0.470703125 0.5 0.46875 0.5 0.466796875 0.49609375 0.462890625 0.494140625 0.462890625 0.4921875 0.4609375 0.490234375 0.4609375 0.48828125 0.458984375
0 0.0 0.248046875 0.0 0.263671875 0.005859375 0.263671875 0.01171875 0.26953125 0.01953125 0.26953125 0.01953125 0.2578125 0.01171875 0.25 0.005859375 0.25 0.00390625 0.248046875
