0 0.046875 0.783203125 0.04296875 0.787109375 0.04296875 0.79296875 0.048828125 0.79296875 0.05078125 0.791015625 0.05078125 0.787109375
0 0.04296875 0.625 0.04296875 0.630859375 0.044921875 0.6328125 0.04296875 0.634765625 0.041015625 0.634765625 0.041015625 0.63671875 0.0390625 0.638671875 0.037109375 0.638671875 0.037109375 0.640625 0.0390625 0.642578125 0.041015625 0.642578125 0.04296875 0.64453125 0.04296875 0.646484375 0.044921875 0.646484375 0.044921875 0.64453125 0.046875 0.642578125 0.048828125 0.642578125 0.05078125 0.640625 0.044921875 0.634765625 0.046875 0.6328125 0.052734375 0.6328125 0.05078125 0.630859375 0.05078125 0.62890625 0.046875 0.625
0 0.0 0.603515625 0.0 0.60546875 0.001953125 0.607421875 0.005859375 0.607421875 0.0078125 0.60546875 0.005859375 0.603515625 0.00390625 0.603515625 0.00390625 0.60546875 0.001953125 0.607421875 0.0 0.60546875
0 0.01171875 0.59375 0.01171875 0.59765625 0.015625 0.59765625 0.015625 0.595703125 0.013671875 0.59375
0 0.025390625 0.58203125 0.0234375 0.583984375 0.021484375 0.583984375 0.017578125 0.587890625 0.017578125 0.591796875 0.0234375 0.591796875 0.025390625 0.58984375 0.029296875 0.58984375 0.029296875 0.587890625 0.02734375 0.5859375 0.02734375 0.583984375 0.029296875 0.58203125
0 0.1015625 0.580078125 0.1015625 0.583984375 0.099609375 0.5859375 0.099609375 0.587890625 0.09765625 0.58984375 0.1015625 0.58984375 0.103515625 0.587890625 0.103515625 0.5859375 0.1015625 0.583984375 0.103515625 0.58203125 0.10546875 0.58203125 0.103515625 0.580078125
0 0.1015625 0.57421875 0.099609375 0.576171875 0.107421875 0.576171875 0.10546875 0.57421875
0 0.099609375 0.56640625 0.099609375 0.568359375 0.107421875 0.568359375 0.103515625 0.568359375 0.1015625 0.56640625
0 0.099609375 0.544921875 0.099609375 0.55078125 0.1015625 0.552734375 0.103515625 0.552734375 0.10546875 0.5546875 0.111328125 0.5546875 0.111328125 0.552734375 0.109375 0.55078125 0.109375 0.546875 0.107421875 0.546875 0.10546875 0.544921875
0 0.10546875 0.53125 0.103515625 0.533203125 0.10546875 0.53515625 0.1171875 0.53515625 0.11328125 0.53125
0 0.11328125 0.517578125 0.11328125 0.51953125 0.115234375 0.521484375 0.115234375 0.5234375 0.11328125 0.525390625 0.11328125 0.52734375 0.119140625 0.52734375 0.12109375 0.525390625 0.12109375 0.5234375 0.115234375 0.517578125
0 0.0 0.306640625 0.0 0.314453125 0.001953125 0.3125 0.001953125 0.306640625
0 0.03125 0.228515625 0.02734375 0.232421875 0.02734375 0.234375 0.025390625 0.236328125 0.025390625 0.240234375 0.029296875 0.244140625 0.03125 0.244140625 0.033203125 0.2421875 0.03125 0.240234375 0.03125 0.234375 0.033203125 0.232421875 0.04296875 0.232421875 0.041015625 0.23046875 0.03515625 0.23046875 0.033203125 0.228515625
0 0.029296875 0.212890625 0.02734375 0.21484375 0.029296875 0.21484375 0.03125 0.216796875 0.03515625 0.216796875 0.03515625 0.21484375 0.03125 0.21484375
0 0.232421875 0.177734375 0.23046875 0.1796875 0.23046875 0.1875 0.228515625 0.189453125 0.23046875 0.19140625 0.23046875 0.193359375 0.234375 0.193359375 0.2421875 0.185546875 0.2421875 0.1796875 0.236328125 0.1796875 0.234375 0.177734375
0 0.140625 0.068359375 0.138671875 0.0703125 0.138671875 0.072265625 0.13671875 0.07421875 0.140625 0.078125 0.140625 0.08203125 0.146484375 0.08203125 0.1484375 0.080078125 0.1484375 0.07421875 0.146484375 0.072265625 0.146484375 0.0703125 0.14453125 0.0703125 0.142578125 0.068359375
0 0.25390625 0.064453125 0.251953125 0.06640625 0.255859375 0.0703125 0.2578125 0.068359375
0 0.28125 0.048828125 0.27734375 0.052734375 0.27734375 0.0546875 0.28125 0.0546875 0.283203125 0.056640625 0.28515625 0.0546875 0.2890625 0.0546875 0.291015625 0.052734375 0.294921875 0.052734375 0.294921875 0.05078125 0.29296875 0.05078125 0.291015625 0.048828125
0 0.173828125 0.04296875 0.181640625 0.05078125 0.18359375 0.05078125 0.18359375 0.044921875 0.181640625 0.044921875 0.1796875 0.04296875
0 0.369140625 0.03125 0.369140625 0.033203125 0.373046875 0.033203125 0.375 0.03515625 0.375 0.033203125 0.373046875 0.03125
0 0.18359375 0.03125 0.181640625 0.033203125 0.181640625 0.03515625 0.18359375 0.03515625 0.185546875 0.037109375 0.185546875 0.0390625 0.19140625 0.0390625 0.19140625 0.033203125 0.189453125 0.03125
0 0.34375 0.029296875 0.33984375 0.033203125 0.33984375 0.037109375 0.34375 0.041015625 0.34765625 0.041015625 0.34765625 0.033203125
0 0.291015625 0.025390625 0.28515625 0.03125 0.283203125 0.03125 0.283203125 0.0390625 0.287109375 0.04296875 0.2890625 0.04296875 0.296875 0.03515625 0.298828125 0.03515625 0.30078125 0.033203125 0.30078125 0.029296875 0.298828125 0.02734375 0.296875 0.02734375 0.294921875 0.025390625
0 0.373046875 0.01953125 0.373046875 0.021484375 0.375 0.0234375 0.376953125 0.0234375 0.37890625 0.025390625 0.37890625 0.02734375 0.380859375 0.029296875 0.380859375 0.0234375 0.376953125 0.01953125
