0 0.03125 0.869140625 0.029296875 0.87109375 0.029296875 0.875 0.03125 0.876953125 0.033203125 0.876953125 0.037109375 0.873046875 0.037109375 0.87109375 0.03515625 0.869140625
0 0.046875 0.81640625 0.04296875 0.8203125 0.04296875 0.822265625 0.0390625 0.826171875 0.0390625 0.828125 0.041015625 0.830078125 0.04296875 0.830078125 0.044921875 0.83203125 0.044921875 0.826171875 0.048828125 0.822265625 0.048828125 0.818359375 0.05078125 0.81640625
0 0.20703125 0.810546875 0.205078125 0.8125 0.205078125 0.81640625 0.208984375 0.8203125 0.2109375 0.8203125 0.212890625 0.822265625 0.216796875 0.822265625 0.22265625 0.81640625 0.21875 0.8125 0.21484375 0.8125 0.212890625 0.810546875
0 0.095703125 0.798828125 0.09375 0.80078125 0.09375 0.8046875 0.095703125 0.806640625 0.09765625 0.806640625 0.099609375 0.8046875 0.099609375 0.798828125
0 0.072265625 0.796875 0.0703125 0.798828125 0.0703125 0.80078125 0.072265625 0.802734375 0.07421875 0.802734375 0.076171875 0.80078125 0.078125 0.80078125 0.078125 0.798828125 0.080078125 0.796875
0 0.234375 0.779296875 0.234375 0.78125 0.23046875 0.78515625 0.2265625 0.78515625 0.22265625 0.7890625 0.228515625 0.794921875 0.234375 0.794921875 0.236328125 0.79296875 0.23828125 0.79296875 0.240234375 0.791015625 0.240234375 0.78515625 0.23828125 0.783203125 0.23828125 0.78125 0.236328125 0.779296875
0 0.3125 0.751953125 0.310546875 0.75390625 0.306640625 0.75390625 0.302734375 0.7578125 0.302734375 0.76171875 0.306640625 0.765625 0.306640625 0.767578125 0.30859375 0.76953125 0.314453125 0.76953125 0.314453125 0.767578125 0.3125 0.765625 0.3125 0.76171875 0.314453125 0.759765625 0.322265625 0.759765625 0.322265625 0.7578125 0.3203125 0.7578125 0.31640625 0.75390625 0.314453125 0.75390625
0 0.068359375 0.748046875 0.06640625 0.75 0.064453125 0.75 0.0625 0.751953125 0.060546875 0.751953125 0.056640625 0.755859375 0.05078125 0.755859375 0.048828125 0.7578125 0.046875 0.7578125 0.04296875 0.76171875 0.041015625 0.76171875 0.0390625 0.763671875 0.03515625 0.763671875 0.033203125 0.765625 0.03125 0.765625 0.02734375 0.76171875 0.025390625 0.76171875 0.025390625 0.765625 0.02734375 0.767578125 0.02734375 0.771484375 0.021484375 0.77734375 0.01953125 0.77734375 0.017578125 0.779296875 0.013671875 0.779296875 0.01171875 0.78125 0.0078125 0.78125 0.005859375 0.783203125 0.00390625 0.783203125 0.001953125 0.78515625 0.0 0.78515625 0.0 0.826171875 0.001953125 0.82421875 0.00390625 0.82421875 0.001953125 0.822265625 0.001953125 0.81640625 0.00390625 0.814453125 0.00390625 0.810546875 0.005859375 0.80859375 0.00390625 0.806640625 0.00390625 0.8046875 0.001953125 0.802734375 0.001953125 0.798828125 0.00390625 0.796875 0.00390625 0.79296875 0.01171875 0.78515625 0.015625 0.78515625 0.017578125 0.783203125 0.021484375 0.783203125 0.0234375 0.78125 0.025390625 0.78125 0.02734375 0.779296875 0.029296875 0.779296875 0.033203125 0.775390625 0.033203125 0.7734375 0.03515625 0.771484375 0.037109375 0.771484375 0.0390625 0.76953125 0.041015625 0.76953125 0.05078125 0.759765625 0.052734375 0.759765625 0.0546875 0.7578125 0.05859375 0.7578125 0.060546875 0.755859375 0.064453125 0.755859375 0.06640625 0.75390625 0.06640625 0.751953125 0.068359375 0.75
0 0.037109375 0.73046875 0.03125 0.736328125 0.03125 0.73828125 0.029296875 0.740234375 0.02734375 0.740234375 0.02734375 0.74609375 0.033203125 0.74609375 0.0390625 0.740234375 0.0390625 0.734375 0.037109375 0.732421875
0 0.25 0.728515625 0.248046875 0.73046875 0.25 0.732421875 0.25 0.736328125 0.25390625 0.740234375 0.2578125 0.740234375 0.26171875 0.736328125 0.26171875 0.73046875 0.259765625 0.728515625
0 0.181640625 0.650390625 0.1796875 0.65234375 0.1796875 0.66015625 0.18359375 0.66015625 0.18359375 0.658203125 0.185546875 0.65625 0.185546875 0.650390625
0 0.181640625 0.640625 0.177734375 0.64453125 0.17578125 0.64453125 0.173828125 0.646484375 0.17578125 0.646484375 0.177734375 0.64453125 0.1796875 0.64453125 0.181640625 0.642578125
0 0.19921875 0.634765625 0.19921875 0.63671875 0.197265625 0.638671875 0.197265625 0.640625 0.19921875 0.640625 0.201171875 0.642578125 0.205078125 0.642578125 0.208984375 0.638671875 0.21484375 0.638671875 0.216796875 0.640625 0.21875 0.640625 0.220703125 0.642578125 0.22265625 0.642578125 0.224609375 0.640625 0.2265625 0.640625 0.2265625 0.634765625 0.224609375 0.634765625 0.22265625 0.63671875 0.216796875 0.63671875 0.21484375 0.634765625
0 0.064453125 0.630859375 0.0625 0.6328125 0.05859375 0.6328125 0.052734375 0.638671875 0.0546875 0.640625 0.0546875 0.6484375 0.052734375 0.650390625 0.0546875 0.65234375 0.05859375 0.65234375 0.060546875 0.650390625 0.0625 0.650390625 0.064453125 0.6484375 0.068359375 0.6484375 0.0703125 0.646484375 0.076171875 0.646484375 0.076171875 0.634765625 0.07421875 0.6328125 0.0703125 0.6328125 0.068359375 0.630859375
0 0.001953125 0.60546875 0.0 0.607421875 0.0 0.609375 0.001953125 0.611328125 0.00390625 0.609375 0.00390625 0.60546875
0 0.013671875 0.603515625 0.013671875 0.60546875 0.01171875 0.607421875 0.01171875 0.609375 0.009765625 0.611328125 0.009765625 0.61328125 0.005859375 0.6171875 0.0078125 0.619140625 0.0078125 0.62109375 0.013671875 0.62109375 0.015625 0.619140625 0.021484375 0.619140625 0.0234375 0.6171875 0.025390625 0.6171875 0.02734375 0.615234375 0.03515625 0.615234375 0.037109375 0.61328125 0.037109375 0.611328125 0.025390625 0.611328125 0.0234375 0.609375 0.021484375 0.609375 0.01953125 0.607421875 0.01953125 0.60546875 0.017578125 0.603515625
0 0.056640625 0.587890625 0.05078125 0.59375 0.05078125 0.595703125 0.0546875 0.599609375 0.056640625 0.599609375 0.05859375 0.59765625 0.060546875 0.599609375 0.0625 0.599609375 0.064453125 0.6015625 0.0703125 0.6015625 0.072265625 0.599609375 0.078125 0.599609375 0.080078125 0.59765625 0.083984375 0.59765625 0.0859375 0.595703125 0.0859375 0.59375 0.083984375 0.591796875 0.080078125 0.591796875 0.078125 0.58984375 0.064453125 0.58984375 0.0625 0.587890625
0 0.310546875 0.447265625 0.310546875 0.44921875 0.30859375 0.451171875 0.30859375 0.455078125 0.318359375 0.46484375 0.3203125 0.46484375 0.322265625 0.462890625 0.32421875 0.462890625 0.32421875 0.4609375 0.3203125 0.45703125 0.3203125 0.455078125 0.318359375 0.453125 0.318359375 0.44921875 0.31640625 0.44921875 0.314453125 0.447265625
0 0.109375 0.4140625 0.109375 0.416015625 0.111328125 0.41796875 0.111328125 0.419921875 0.115234375 0.423828125 0.1171875 0.423828125 0.1171875 0.41796875 0.115234375 0.416015625 0.115234375 0.4140625
0 0.130859375 0.388671875 0.130859375 0.392578125 0.12890625 0.39453125 0.130859375 0.396484375 0.130859375 0.3984375 0.13671875 0.404296875 0.138671875 0.404296875 0.142578125 0.400390625 0.140625 0.3984375 0.140625 0.396484375 0.13671875 0.392578125 0.13671875 0.390625 0.134765625 0.388671875
0 0.1328125 0.3671875 0.134765625 0.369140625 0.134765625 0.373046875 0.140625 0.37890625 0.146484375 0.37890625 0.146484375 0.373046875 0.142578125 0.369140625 0.140625 0.369140625 0.138671875 0.3671875
0 0.169921875 0.365234375 0.16796875 0.3671875 0.169921875 0.369140625 0.169921875 0.373046875 0.171875 0.375 0.171875 0.376953125 0.173828125 0.37890625 0.171875 0.380859375 0.169921875 0.380859375 0.16796875 0.3828125 0.16015625 0.3828125 0.158203125 0.384765625 0.154296875 0.384765625 0.150390625 0.388671875 0.150390625 0.390625 0.1484375 0.392578125 0.1484375 0.39453125 0.150390625 0.396484375 0.15234375 0.39453125 0.15625 0.39453125 0.158203125 0.392578125 0.1796875 0.392578125 0.181640625 0.390625 0.185546875 0.390625 0.1875 0.388671875 0.1875 0.380859375 0.185546875 0.37890625 0.18359375 0.37890625 0.177734375 0.373046875 0.177734375 0.37109375 0.173828125 0.3671875 0.173828125 0.365234375
0 0.150390625 0.357421875 0.1484375 0.359375 0.146484375 0.359375 0.14453125 0.361328125 0.1484375 0.365234375 0.1484375 0.3671875 0.150390625 0.369140625 0.150390625 0.37109375 0.15234375 0.373046875 0.158203125 0.373046875 0.158203125 0.37109375 0.15625 0.369140625 0.15625 0.36328125 0.154296875 0.361328125 0.154296875 0.359375 0.15234375 0.359375
0 0.185546875 0.353515625 0.185546875 0.35546875 0.18359375 0.357421875 0.185546875 0.359375 0.185546875 0.361328125 0.1875 0.36328125 0.189453125 0.36328125 0.1953125 0.369140625 0.197265625 0.369140625 0.197265625 0.365234375 0.1953125 0.36328125 0.1953125 0.361328125 0.1875 0.353515625
0 0.19140625 0.34375 0.189453125 0.345703125 0.189453125 0.34765625 0.19140625 0.349609375 0.193359375 0.349609375 0.19921875 0.35546875 0.201171875 0.35546875 0.205078125 0.359375 0.20703125 0.357421875 0.20703125 0.35546875 0.197265625 0.345703125 0.197265625 0.34375
0 0.220703125 0.333984375 0.21875 0.3359375 0.212890625 0.3359375 0.208984375 0.33984375 0.208984375 0.349609375 0.21484375 0.349609375 0.216796875 0.3515625 0.2578125 0.3515625 0.259765625 0.349609375 0.259765625 0.341796875 0.2578125 0.33984375 0.255859375 0.33984375 0.25390625 0.337890625 0.24609375 0.337890625 0.244140625 0.3359375 0.232421875 0.3359375 0.23046875 0.333984375
0 0.0 0.10546875 0.0 0.111328125 0.0 0.109375 0.001953125 0.107421875 0.001953125 0.10546875
