0 0.1640625 0.439453125 0.1640625 0.44140625 0.166015625 0.443359375 0.171875 0.443359375 0.173828125 0.4453125 0.181640625 0.4453125 0.181640625 0.443359375 0.1796875 0.44140625 0.17578125 0.44140625 0.173828125 0.439453125
0 0.181640625 0.3515625 0.181640625 0.353515625 0.1875 0.353515625 0.189453125 0.35546875 0.189453125 0.353515625 0.1875 0.3515625
0 0.341796875 0.298828125 0.337890625 0.302734375 0.3359375 0.302734375 0.333984375 0.3046875 0.333984375 0.306640625 0.337890625 0.306640625 0.34375 0.30078125 0.34375 0.298828125
0 0.32421875 0.275390625 0.3203125 0.279296875 0.318359375 0.279296875 0.31640625 0.28125 0.314453125 0.28125 0.3125 0.279296875 0.3125 0.27734375 0.30859375 0.27734375 0.306640625 0.279296875 0.302734375 0.279296875 0.302734375 0.283203125 0.3046875 0.283203125 0.306640625 0.28515625 0.30859375 0.28515625 0.310546875 0.287109375 0.310546875 0.2890625 0.3125 0.291015625 0.3125 0.294921875 0.314453125 0.296875 0.322265625 0.296875 0.32421875 0.294921875 0.326171875 0.294921875 0.326171875 0.29296875 0.333984375 0.28515625 0.333984375 0.283203125 0.3359375 0.28125 0.333984375 0.279296875 0.333984375 0.27734375 0.33203125 0.275390625
0 0.302734375 0.271484375 0.30078125 0.2734375 0.298828125 0.2734375 0.298828125 0.275390625 0.30078125 0.275390625 0.302734375 0.2734375
0 0.30078125 0.25 0.298828125 0.251953125 0.296875 0.251953125 0.294921875 0.25390625 0.29296875 0.25390625 0.291015625 0.255859375 0.2890625 0.255859375 0.283203125 0.26171875 0.283203125 0.267578125 0.2890625 0.267578125 0.291015625 0.265625 0.296875 0.265625 0.30078125 0.26171875 0.302734375 0.26171875 0.314453125 0.25
0 0.3359375 0.24609375 0.333984375 0.248046875 0.330078125 0.248046875 0.330078125 0.251953125 0.333984375 0.251953125 0.337890625 0.248046875 0.337890625 0.24609375
0 0.609375 0.23828125 0.607421875 0.240234375 0.607421875 0.2421875 0.611328125 0.2421875 0.611328125 0.23828125
0 0.541015625 0.2265625 0.5390625 0.228515625 0.537109375 0.228515625 0.53515625 0.23046875 0.53515625 0.232421875 0.541015625 0.232421875 0.54296875 0.23046875 0.54296875 0.228515625
0 0.53515625 0.21484375 0.533203125 0.216796875 0.52734375 0.216796875 0.525390625 0.21875 0.53515625 0.21875 0.537109375 0.216796875
0 0.25 0.189453125 0.248046875 0.19140625 0.248046875 0.193359375 0.251953125 0.197265625 0.255859375 0.197265625 0.2578125 0.1953125 0.255859375 0.193359375 0.255859375 0.19140625 0.25390625 0.189453125
0 0.0 0.099609375 0.0 0.125 0.00390625 0.125 0.005859375 0.123046875 0.0078125 0.123046875 0.009765625 0.12109375 0.009765625 0.119140625 0.01171875 0.1171875 0.01171875 0.109375 0.009765625 0.107421875 0.009765625 0.103515625 0.0078125 0.1015625 0.0078125 0.099609375
0 0.43359375 0.08203125 0.431640625 0.083984375 0.435546875 0.083984375 0.435546875 0.08203125
0 0.125 0.072265625 0.12109375 0.076171875 0.123046875 0.078125 0.123046875 0.08203125 0.125 0.080078125 0.126953125 0.080078125 0.12890625 0.078125 0.12890625 0.076171875
0 0.0 0.0625 0.0 0.078125 0.001953125 0.076171875 0.001953125 0.068359375 0.00390625 0.06640625
0 0.1015625 0.05078125 0.1015625 0.052734375 0.103515625 0.0546875 0.1015625 0.056640625 0.099609375 0.056640625 0.09765625 0.0546875 0.095703125 0.0546875 0.09375 0.056640625 0.09375 0.05859375 0.09765625 0.0625 0.103515625 0.0625 0.10546875 0.064453125 0.107421875 0.0625 0.1015625 0.056640625 0.103515625 0.0546875 0.10546875 0.0546875 0.107421875 0.052734375 0.109375 0.052734375 0.111328125 0.0546875 0.1171875 0.0546875 0.1171875 0.052734375 0.115234375 0.05078125 0.111328125 0.05078125 0.109375 0.052734375 0.107421875 0.052734375 0.10546875 0.05078125
0 0.404296875 0.046875 0.404296875 0.05078125 0.40625 0.05078125 0.408203125 0.048828125 0.408203125 0.046875
0 0.197265625 0.041015625 0.197265625 0.05078125 0.19921875 0.052734375 0.19921875 0.0546875 0.203125 0.0546875 0.205078125 0.052734375 0.205078125 0.048828125 0.20703125 0.046875 0.208984375 0.046875 0.2109375 0.044921875 0.208984375 0.044921875 0.20703125 0.04296875 0.20703125 0.041015625
0 0.609375 0.017578125 0.609375 0.01953125 0.607421875 0.021484375 0.607421875 0.025390625 0.609375 0.02734375 0.609375 0.03125 0.607421875 0.033203125 0.60546875 0.033203125 0.603515625 0.03515625 0.603515625 0.037109375 0.607421875 0.037109375 0.611328125 0.033203125 0.611328125 0.02734375 0.61328125 0.025390625 0.61328125 0.021484375 0.611328125 0.01953125 0.611328125 0.017578125
0 0.482421875 0.017578125 0.482421875 0.01953125 0.494140625 0.03125 0.49609375 0.03125 0.49609375 0.0234375 0.494140625 0.021484375 0.4921875 0.021484375 0.490234375 0.01953125 0.484375 0.01953125
0 0.55859375 0.00390625 0.556640625 0.005859375 0.556640625 0.0078125 0.55859375 0.009765625 0.5625 0.005859375 0.5703125 0.005859375 0.568359375 0.00390625
0 0.591796875 0.0 0.591796875 0.005859375 0.58984375 0.0078125 0.58984375 0.01171875 0.5859375 0.015625 0.587890625 0.015625 0.591796875 0.01171875 0.591796875 0.0078125 0.59375 0.005859375 0.59375 0.00390625 0.59765625 0.0
