0 0.029296875 0.908203125 0.029296875 0.931640625 0.0234375 0.9375 0.0234375 0.94140625 0.021484375 0.943359375 0.021484375 0.9453125 0.025390625 0.94921875 0.037109375 0.94921875 0.04296875 0.943359375 0.04296875 0.93359375 0.041015625 0.931640625 0.041015625 0.9296875 0.0390625 0.927734375 0.0390625 0.9140625 0.03515625 0.91015625 0.033203125 0.91015625 0.03125 0.908203125
0 0.96875 0.873046875 0.966796875 0.875 0.966796875 0.880859375 0.970703125 0.880859375 0.97265625 0.8828125 0.974609375 0.8828125 0.9765625 0.884765625 0.984375 0.884765625 0.984375 0.880859375 0.98046875 0.876953125 0.978515625 0.876953125 0.9765625 0.875 0.974609375 0.875 0.97265625 0.873046875
0 0.03125 0.865234375 0.029296875 0.8671875 0.0234375 0.8671875 0.025390625 0.869140625 0.0234375 0.87109375 0.025390625 0.873046875 0.025390625 0.876953125 0.041015625 0.876953125 0.04296875 0.87890625 0.044921875 0.876953125 0.048828125 0.876953125 0.046875 0.875 0.0390625 0.875 0.037109375 0.873046875 0.037109375 0.8671875 0.03515625 0.8671875 0.033203125 0.865234375
0 0.955078125 0.814453125 0.94921875 0.8203125 0.94921875 0.822265625 0.947265625 0.82421875 0.947265625 0.828125 0.94921875 0.830078125 0.958984375 0.830078125 0.958984375 0.828125 0.9609375 0.826171875 0.9609375 0.82421875 0.962890625 0.822265625 0.962890625 0.81640625 0.9609375 0.814453125
0 0.0234375 0.712890625 0.0234375 0.71484375 0.01953125 0.71875 0.01953125 0.7265625 0.021484375 0.728515625 0.025390625 0.728515625 0.02734375 0.7265625 0.02734375 0.724609375 0.03125 0.720703125 0.029296875 0.71875 0.029296875 0.71484375 0.02734375 0.712890625
0 0.119140625 0.583984375 0.1171875 0.5859375 0.1171875 0.587890625 0.11328125 0.591796875 0.107421875 0.591796875 0.10546875 0.59375 0.09765625 0.59375 0.095703125 0.595703125 0.095703125 0.6015625 0.09765625 0.603515625 0.09765625 0.609375 0.095703125 0.611328125 0.095703125 0.615234375 0.091796875 0.619140625 0.091796875 0.62109375 0.08984375 0.623046875 0.08984375 0.630859375 0.087890625 0.6328125 0.091796875 0.6328125 0.1015625 0.623046875 0.103515625 0.625 0.10546875 0.623046875 0.10546875 0.62109375 0.111328125 0.615234375 0.111328125 0.61328125 0.1171875 0.607421875 0.1171875 0.60546875 0.119140625 0.603515625 0.119140625 0.595703125 0.12109375 0.59375 0.123046875 0.59375 0.123046875 0.591796875 0.125 0.58984375 0.123046875 0.587890625 0.123046875 0.583984375
0 0.2265625 0.54296875 0.228515625 0.544921875 0.236328125 0.544921875 0.236328125 0.54296875
0 0.224609375 0.52734375 0.224609375 0.529296875 0.2265625 0.53125 0.234375 0.53125 0.236328125 0.533203125 0.236328125 0.529296875 0.234375 0.52734375
0 0.224609375 0.51171875 0.22265625 0.513671875 0.22265625 0.515625 0.224609375 0.517578125 0.228515625 0.517578125 0.23046875 0.51953125 0.236328125 0.51953125 0.234375 0.517578125 0.234375 0.515625 0.23046875 0.51171875
0 0.185546875 0.498046875 0.185546875 0.501953125 0.1875 0.50390625 0.1875 0.505859375 0.189453125 0.5078125 0.193359375 0.5078125 0.193359375 0.505859375 0.1953125 0.50390625 0.193359375 0.501953125 0.189453125 0.501953125 0.1875 0.5 0.1875 0.498046875
0 0.794921875 0.28125 0.794921875 0.283203125 0.79296875 0.28515625 0.79296875 0.2890625 0.798828125 0.2890625 0.798828125 0.28125
0 0.296875 0.228515625 0.296875 0.23046875 0.294921875 0.232421875 0.294921875 0.2421875 0.296875 0.244140625 0.296875 0.248046875 0.298828125 0.25 0.30078125 0.25 0.302734375 0.251953125 0.3125 0.251953125 0.314453125 0.25 0.314453125 0.248046875 0.31640625 0.24609375 0.31640625 0.2421875 0.318359375 0.240234375 0.31640625 0.23828125 0.31640625 0.234375 0.314453125 0.234375 0.3125 0.232421875 0.30859375 0.232421875 0.306640625 0.23046875 0.302734375 0.23046875 0.30078125 0.228515625
0 0.232421875 0.228515625 0.2265625 0.234375 0.2265625 0.236328125 0.224609375 0.23828125 0.224609375 0.240234375 0.2265625 0.2421875 0.2265625 0.244140625 0.228515625 0.24609375 0.234375 0.24609375 0.23828125 0.2421875 0.23828125 0.240234375 0.236328125 0.23828125 0.236328125 0.234375 0.23828125 0.232421875 0.23828125 0.23046875 0.236328125 0.228515625
0 0.0078125 0.228515625 0.0078125 0.232421875 0.009765625 0.234375 0.009765625 0.236328125 0.01171875 0.23828125 0.015625 0.23828125 0.015625 0.23046875 0.013671875 0.228515625
