0 0.677734375 0.8984375 0.67578125 0.900390625 0.67578125 0.90234375 0.677734375 0.904296875 0.677734375 0.90625 0.681640625 0.90625 0.681640625 0.8984375
0 0.314453125 0.396484375 0.3125 0.3984375 0.30859375 0.3984375 0.3046875 0.40234375 0.302734375 0.40234375 0.30078125 0.404296875 0.294921875 0.404296875 0.298828125 0.408203125 0.30859375 0.408203125 0.310546875 0.40625 0.3125 0.40625 0.318359375 0.400390625 0.318359375 0.396484375
0 0.298828125 0.388671875 0.296875 0.390625 0.29296875 0.390625 0.291015625 0.392578125 0.291015625 0.39453125 0.296875 0.39453125 0.298828125 0.392578125 0.30078125 0.392578125 0.30078125 0.390625
0 0.29296875 0.37890625 0.291015625 0.380859375 0.2890625 0.380859375 0.287109375 0.3828125 0.287109375 0.38671875 0.2890625 0.38671875 0.291015625 0.384765625 0.29296875 0.384765625 0.296875 0.380859375 0.296875 0.37890625
0 0.244140625 0.37109375 0.240234375 0.375 0.240234375 0.376953125 0.23828125 0.37890625 0.236328125 0.37890625 0.236328125 0.380859375 0.232421875 0.384765625 0.232421875 0.392578125 0.2421875 0.392578125 0.2421875 0.390625 0.24609375 0.38671875 0.24609375 0.384765625 0.25390625 0.376953125 0.251953125 0.375 0.251953125 0.373046875 0.25 0.37109375
0 0.2265625 0.361328125 0.224609375 0.36328125 0.22265625 0.36328125 0.220703125 0.365234375 0.220703125 0.3671875 0.21875 0.369140625 0.21875 0.37109375 0.216796875 0.373046875 0.216796875 0.376953125 0.21875 0.37890625 0.22265625 0.37890625 0.224609375 0.376953125 0.2265625 0.376953125 0.228515625 0.375 0.228515625 0.361328125
0 0.279296875 0.359375 0.275390625 0.36328125 0.275390625 0.365234375 0.28125 0.37109375 0.287109375 0.37109375 0.291015625 0.3671875 0.291015625 0.365234375 0.2890625 0.36328125 0.287109375 0.36328125 0.28515625 0.361328125 0.283203125 0.361328125 0.28125 0.359375
0 0.2734375 0.349609375 0.271484375 0.3515625 0.265625 0.3515625 0.265625 0.357421875 0.267578125 0.357421875 0.26953125 0.359375 0.2734375 0.359375 0.2734375 0.357421875 0.27734375 0.353515625 0.27734375 0.349609375
0 0.181640625 0.255859375 0.1796875 0.2578125 0.177734375 0.2578125 0.17578125 0.259765625 0.173828125 0.259765625 0.166015625 0.267578125 0.166015625 0.271484375 0.16796875 0.2734375 0.16796875 0.275390625 0.169921875 0.27734375 0.169921875 0.2890625 0.171875 0.291015625 0.171875 0.298828125 0.173828125 0.298828125 0.17578125 0.30078125 0.181640625 0.30078125 0.18359375 0.302734375 0.185546875 0.30078125 0.1953125 0.30078125 0.1953125 0.298828125 0.19921875 0.294921875 0.197265625 0.29296875 0.197265625 0.291015625 0.1953125 0.2890625 0.1953125 0.287109375 0.193359375 0.28515625 0.193359375 0.27734375 0.19140625 0.275390625 0.19140625 0.271484375 0.189453125 0.26953125 0.189453125 0.265625 0.1875 0.263671875 0.1875 0.2578125 0.185546875 0.255859375
0 0.14453125 0.18359375 0.140625 0.1875 0.140625 0.189453125 0.142578125 0.19140625 0.142578125 0.1953125 0.14453125 0.197265625 0.14453125 0.201171875 0.146484375 0.203125 0.146484375 0.208984375 0.1484375 0.2109375 0.1484375 0.21875 0.14453125 0.22265625 0.14453125 0.224609375 0.142578125 0.2265625 0.154296875 0.2265625 0.15625 0.228515625 0.158203125 0.228515625 0.16015625 0.23046875 0.162109375 0.23046875 0.177734375 0.24609375 0.1796875 0.244140625 0.1875 0.244140625 0.1875 0.2421875 0.185546875 0.240234375 0.185546875 0.234375 0.173828125 0.22265625 0.173828125 0.220703125 0.169921875 0.216796875 0.169921875 0.21484375 0.166015625 0.2109375 0.166015625 0.208984375 0.1640625 0.20703125 0.1640625 0.205078125 0.162109375 0.203125 0.162109375 0.201171875 0.16015625 0.19921875 0.16015625 0.197265625 0.158203125 0.1953125 0.158203125 0.193359375 0.15234375 0.1875 0.150390625 0.1875 0.1484375 0.185546875 0.146484375 0.185546875
0 0.099609375 0.177734375 0.095703125 0.181640625 0.095703125 0.185546875 0.09375 0.1875 0.09375 0.193359375 0.091796875 0.1953125 0.095703125 0.19921875 0.09765625 0.197265625 0.099609375 0.197265625 0.103515625 0.193359375 0.103515625 0.185546875 0.10546875 0.18359375 0.10546875 0.1796875 0.103515625 0.1796875 0.1015625 0.177734375
0 0.009765625 0.091796875 0.0078125 0.09375 0.005859375 0.09375 0.00390625 0.095703125 0.0 0.095703125 0.0 0.10546875 0.001953125 0.10546875 0.00390625 0.107421875 0.005859375 0.107421875 0.0078125 0.109375 0.01171875 0.109375 0.013671875 0.107421875 0.015625 0.107421875 0.017578125 0.10546875 0.017578125 0.09765625 0.015625 0.095703125 0.013671875 0.095703125
