0 0.703125 0.99609375 0.701171875 0.998046875 0.705078125 0.998046875 0.705078125 0.99609375
0 0.986328125 0.9921875 0.986328125 0.998046875 0.994140625 0.998046875 0.990234375 0.994140625 0.990234375 0.9921875
0 0.95703125 0.984375 0.955078125 0.986328125 0.951171875 0.986328125 0.947265625 0.990234375 0.947265625 0.9921875 0.9453125 0.994140625 0.9453125 0.998046875 0.953125 0.998046875 0.95703125 0.994140625 0.95703125 0.9921875 0.958984375 0.990234375 0.958984375 0.986328125
0 0.712890625 0.984375 0.708984375 0.98828125 0.708984375 0.9921875 0.7109375 0.994140625 0.7109375 0.99609375 0.712890625 0.998046875 0.72265625 0.998046875 0.72265625 0.99609375 0.720703125 0.994140625 0.720703125 0.990234375 0.71875 0.98828125 0.71875 0.986328125 0.716796875 0.986328125 0.71484375 0.984375
0 0.767578125 0.98046875 0.767578125 0.982421875 0.765625 0.984375 0.765625 0.986328125 0.7578125 0.994140625 0.7578125 0.99609375 0.755859375 0.998046875 0.767578125 0.998046875 0.771484375 0.994140625 0.771484375 0.990234375 0.7734375 0.98828125 0.7734375 0.986328125 0.775390625 0.984375 0.775390625 0.982421875 0.7734375 0.98046875
0 0.72265625 0.96875 0.72265625 0.970703125 0.720703125 0.97265625 0.72265625 0.974609375 0.724609375 0.974609375 0.724609375 0.96875
0 0.73828125 0.943359375 0.73828125 0.9453125 0.736328125 0.947265625 0.736328125 0.94921875 0.73828125 0.951171875 0.740234375 0.951171875 0.7421875 0.953125 0.74609375 0.953125 0.74609375 0.9453125 0.744140625 0.943359375
0 0.75390625 0.927734375 0.751953125 0.9296875 0.751953125 0.9375 0.75390625 0.9375 0.7578125 0.94140625 0.7578125 0.943359375 0.76171875 0.939453125 0.76171875 0.9296875 0.759765625 0.927734375
0 0.814453125 0.861328125 0.8125 0.86328125 0.806640625 0.86328125 0.80078125 0.869140625 0.80078125 0.87109375 0.798828125 0.873046875 0.798828125 0.87890625 0.802734375 0.8828125 0.802734375 0.884765625 0.8046875 0.88671875 0.8046875 0.888671875 0.806640625 0.890625 0.806640625 0.892578125 0.80859375 0.892578125 0.810546875 0.89453125 0.806640625 0.8984375 0.806640625 0.900390625 0.8046875 0.90234375 0.8046875 0.904296875 0.802734375 0.90625 0.802734375 0.908203125 0.80078125 0.91015625 0.80078125 0.921875 0.80859375 0.921875 0.810546875 0.919921875 0.8125 0.919921875 0.8125 0.916015625 0.814453125 0.9140625 0.814453125 0.91015625 0.81640625 0.908203125 0.81640625 0.904296875 0.818359375 0.90234375 0.818359375 0.8984375 0.822265625 0.89453125 0.822265625 0.892578125 0.830078125 0.884765625 0.830078125 0.8828125 0.833984375 0.87890625 0.833984375 0.876953125 0.8359375 0.875 0.8359375 0.873046875 0.837890625 0.87109375 0.837890625 0.869140625 0.830078125 0.869140625 0.828125 0.8671875 0.826171875 0.8671875 0.82421875 0.865234375 0.8203125 0.865234375 0.818359375 0.86328125 0.81640625 0.86328125
0 0.826171875 0.84375 0.82421875 0.845703125 0.82421875 0.849609375 0.826171875 0.8515625 0.830078125 0.8515625 0.83203125 0.849609375 0.83203125 0.84765625 0.830078125 0.845703125 0.830078125 0.84375
0 0.84375 0.826171875 0.84375 0.83203125 0.845703125 0.833984375 0.845703125 0.8359375 0.84765625 0.837890625 0.84765625 0.845703125 0.849609375 0.84765625 0.8515625 0.84765625 0.853515625 0.845703125 0.853515625 0.841796875 0.849609375 0.837890625 0.849609375 0.83203125 0.84765625 0.830078125 0.84765625 0.826171875
0 0.9375 0.58984375 0.9375 0.595703125 0.939453125 0.59765625 0.939453125 0.599609375 0.943359375 0.603515625 0.9453125 0.603515625 0.9453125 0.599609375 0.943359375 0.59765625 0.943359375 0.591796875 0.94140625 0.58984375
0 0.98046875 0.5703125 0.98046875 0.57421875 0.982421875 0.576171875 0.982421875 0.578125 0.984375 0.580078125 0.98828125 0.580078125 0.98828125 0.57421875 0.986328125 0.572265625 0.986328125 0.5703125
0 0.94921875 0.51953125 0.94921875 0.521484375 0.947265625 0.5234375 0.947265625 0.525390625 0.94921875 0.525390625 0.94921875 0.5234375 0.951171875 0.521484375 0.951171875 0.51953125
0 0.966796875 0.505859375 0.96484375 0.5078125 0.962890625 0.5078125 0.9609375 0.509765625 0.9609375 0.515625 0.962890625 0.517578125 0.962890625 0.51953125 0.96484375 0.521484375 0.96484375 0.5234375 0.970703125 0.529296875 0.97265625 0.529296875 0.97265625 0.513671875 0.970703125 0.51171875 0.970703125 0.509765625
0 0.94921875 0.48828125 0.94921875 0.490234375 0.955078125 0.49609375 0.955078125 0.498046875 0.95703125 0.49609375 0.95703125 0.494140625 0.951171875 0.48828125
0 0.974609375 0.458984375 0.97265625 0.4609375 0.96875 0.4609375 0.966796875 0.462890625 0.966796875 0.46484375 0.9609375 0.470703125 0.9609375 0.47265625 0.95703125 0.4765625 0.958984375 0.478515625 0.958984375 0.482421875 0.962890625 0.482421875 0.96484375 0.484375 0.9765625 0.484375 0.98046875 0.48046875 0.978515625 0.478515625 0.978515625 0.46484375 0.9765625 0.462890625 0.9765625 0.4609375
0 0.998046875 0.451171875 0.99609375 0.453125 0.99609375 0.45703125 0.998046875 0.458984375
0 0.99609375 0.357421875 0.994140625 0.359375 0.990234375 0.359375 0.98828125 0.361328125 0.986328125 0.361328125 0.986328125 0.36328125 0.984375 0.365234375 0.984375 0.3671875 0.986328125 0.369140625 0.986328125 0.37109375 0.98828125 0.373046875 0.9921875 0.373046875 0.994140625 0.37109375 0.998046875 0.37109375 0.998046875 0.36328125 0.99609375 0.361328125
0 0.986328125 0.06640625 0.982421875 0.0703125 0.982421875 0.072265625 0.984375 0.07421875 0.984375 0.078125 0.986328125 0.080078125 0.986328125 0.08203125 0.98828125 0.083984375 0.994140625 0.083984375 0.998046875 0.080078125 0.998046875 0.078125 0.99609375 0.076171875 0.99609375 0.07421875 0.994140625 0.07421875 0.990234375 0.0703125 0.98828125 0.0703125 0.986328125 0.068359375
