0 0.34765625 0.724609375 0.345703125 0.7265625 0.345703125 0.734375 0.34765625 0.736328125 0.34765625 0.7421875 0.349609375 0.744140625 0.349609375 0.748046875 0.3515625 0.75 0.3515625 0.75390625 0.35546875 0.7578125 0.35546875 0.759765625 0.357421875 0.7578125 0.359375 0.759765625 0.359375 0.765625 0.357421875 0.767578125 0.357421875 0.783203125 0.359375 0.78515625 0.359375 0.806640625 0.357421875 0.80859375 0.357421875 0.814453125 0.359375 0.81640625 0.361328125 0.81640625 0.365234375 0.8203125 0.380859375 0.8203125 0.38671875 0.814453125 0.388671875 0.814453125 0.396484375 0.806640625 0.3984375 0.806640625 0.40625 0.798828125 0.40625 0.796875 0.41015625 0.79296875 0.41015625 0.78515625 0.40625 0.78125 0.404296875 0.78125 0.400390625 0.77734375 0.3984375 0.77734375 0.39453125 0.7734375 0.392578125 0.7734375 0.388671875 0.76953125 0.388671875 0.767578125 0.384765625 0.763671875 0.384765625 0.76171875 0.380859375 0.7578125 0.37890625 0.7578125 0.376953125 0.755859375 0.373046875 0.755859375 0.369140625 0.751953125 0.3671875 0.751953125 0.36328125 0.748046875 0.361328125 0.748046875 0.359375 0.75 0.357421875 0.748046875 0.357421875 0.74609375 0.35546875 0.744140625 0.35546875 0.73828125 0.357421875 0.736328125 0.357421875 0.728515625 0.353515625 0.724609375
0 0.78125 0.63671875 0.779296875 0.638671875 0.77734375 0.638671875 0.771484375 0.64453125 0.767578125 0.64453125 0.765625 0.646484375 0.763671875 0.646484375 0.755859375 0.654296875 0.75390625 0.654296875 0.751953125 0.65625 0.748046875 0.65625 0.748046875 0.658203125 0.744140625 0.662109375 0.7421875 0.662109375 0.7421875 0.66796875 0.74609375 0.671875 0.748046875 0.671875 0.751953125 0.67578125 0.7578125 0.67578125 0.76171875 0.671875 0.78515625 0.671875 0.791015625 0.666015625 0.79296875 0.666015625 0.798828125 0.66015625 0.798828125 0.658203125 0.8046875 0.65234375 0.8046875 0.650390625 0.802734375 0.6484375 0.802734375 0.646484375 0.796875 0.640625 0.794921875 0.640625 0.79296875 0.638671875 0.791015625 0.638671875 0.7890625 0.63671875
0 0.80078125 0.453125 0.798828125 0.455078125 0.796875 0.455078125 0.794921875 0.45703125 0.79296875 0.45703125 0.79296875 0.458984375 0.794921875 0.4609375 0.796875 0.4609375 0.798828125 0.462890625 0.802734375 0.462890625 0.8046875 0.4609375 0.8046875 0.453125
0 0.70703125 0.421875 0.705078125 0.423828125 0.705078125 0.42578125 0.70703125 0.427734375 0.7109375 0.427734375 0.7109375 0.423828125 0.708984375 0.423828125
0 0.796875 0.3515625 0.794921875 0.353515625 0.79296875 0.353515625 0.791015625 0.35546875 0.791015625 0.365234375 0.794921875 0.369140625 0.80078125 0.36328125 0.80078125 0.361328125 0.802734375 0.359375 0.802734375 0.353515625 0.80078125 0.3515625
0 0.826171875 0.279296875 0.82421875 0.28125 0.822265625 0.28125 0.81640625 0.287109375 0.81640625 0.29296875 0.818359375 0.294921875 0.818359375 0.296875 0.826171875 0.296875 0.828125 0.294921875 0.830078125 0.294921875 0.83203125 0.29296875 0.833984375 0.29296875 0.833984375 0.2890625 0.8359375 0.287109375 0.8359375 0.28515625 0.833984375 0.283203125 0.833984375 0.28125 0.83203125 0.28125 0.830078125 0.279296875
0 0.26953125 0.265625 0.26953125 0.267578125 0.267578125 0.26953125 0.267578125 0.271484375 0.26953125 0.2734375 0.26953125 0.275390625 0.271484375 0.27734375 0.27734375 0.27734375 0.279296875 0.279296875 0.279296875 0.283203125 0.28125 0.28515625 0.28125 0.28125 0.283203125 0.279296875 0.283203125 0.271484375 0.28125 0.26953125 0.28125 0.267578125 0.275390625 0.267578125 0.2734375 0.265625
0 0.859375 0.255859375 0.853515625 0.26171875 0.853515625 0.263671875 0.8515625 0.265625 0.853515625 0.267578125 0.853515625 0.271484375 0.85546875 0.26953125 0.859375 0.26953125 0.861328125 0.267578125 0.86328125 0.267578125 0.86328125 0.259765625
0 0.271484375 0.2109375 0.271484375 0.212890625 0.26953125 0.21484375 0.26953125 0.216796875 0.271484375 0.21875 0.271484375 0.220703125 0.275390625 0.220703125 0.275390625 0.216796875 0.27734375 0.21484375 0.275390625 0.212890625 0.275390625 0.2109375
0 0.1328125 0.189453125 0.1328125 0.19140625 0.130859375 0.193359375 0.130859375 0.1953125 0.12890625 0.197265625 0.12890625 0.205078125 0.130859375 0.20703125 0.13671875 0.20703125 0.13671875 0.197265625 0.138671875 0.1953125 0.138671875 0.19140625 0.13671875 0.189453125
0 0.125 0.171875 0.123046875 0.173828125 0.11328125 0.173828125 0.111328125 0.17578125 0.111328125 0.18359375 0.115234375 0.18359375 0.1171875 0.181640625 0.119140625 0.181640625 0.12109375 0.1796875 0.125 0.1796875 0.126953125 0.177734375 0.12890625 0.177734375 0.12890625 0.17578125
0 0.92578125 0.162109375 0.923828125 0.1640625 0.923828125 0.166015625 0.92578125 0.16796875 0.92578125 0.169921875 0.927734375 0.169921875 0.931640625 0.166015625 0.931640625 0.162109375
0 0.966796875 0.15234375 0.96484375 0.154296875 0.9609375 0.154296875 0.95703125 0.158203125 0.9609375 0.162109375 0.966796875 0.162109375 0.970703125 0.158203125 0.970703125 0.154296875 0.96875 0.15234375
0 0.521484375 0.142578125 0.51953125 0.14453125 0.51953125 0.146484375 0.517578125 0.1484375 0.517578125 0.150390625 0.515625 0.15234375 0.515625 0.15625 0.521484375 0.15625 0.5234375 0.154296875 0.5234375 0.142578125
0 0.373046875 0.126953125 0.37109375 0.12890625 0.37109375 0.130859375 0.3671875 0.134765625 0.3671875 0.13671875 0.369140625 0.138671875 0.37109375 0.138671875 0.373046875 0.140625 0.37890625 0.140625 0.37890625 0.138671875 0.380859375 0.13671875 0.37890625 0.134765625 0.37890625 0.130859375 0.376953125 0.12890625 0.375 0.12890625
0 0.404296875 0.111328125 0.400390625 0.115234375 0.3984375 0.115234375 0.3984375 0.12109375 0.39453125 0.125 0.39453125 0.126953125 0.392578125 0.12890625 0.39453125 0.130859375 0.396484375 0.130859375 0.3984375 0.12890625 0.3984375 0.126953125 0.40234375 0.123046875 0.40234375 0.12109375 0.404296875 0.119140625 0.404296875 0.1171875 0.40625 0.115234375 0.40625 0.11328125
0 0.30859375 0.109375 0.306640625 0.111328125 0.3046875 0.111328125 0.3046875 0.11328125 0.306640625 0.115234375 0.306640625 0.119140625 0.3125 0.125 0.318359375 0.125 0.318359375 0.119140625 0.314453125 0.115234375 0.314453125 0.11328125 0.310546875 0.109375
0 0.20703125 0.072265625 0.205078125 0.07421875 0.203125 0.07421875 0.203125 0.076171875 0.201171875 0.078125 0.201171875 0.080078125 0.203125 0.08203125 0.20703125 0.08203125 0.208984375 0.080078125 0.208984375 0.072265625
0 0.486328125 0.0 0.484375 0.001953125 0.484375 0.00390625 0.478515625 0.009765625 0.4765625 0.009765625 0.478515625 0.01171875 0.490234375 0.01171875 0.4921875 0.009765625 0.4921875 0.001953125 0.490234375 0.001953125 0.48828125 0.0
0 0.353515625 0.0 0.353515625 0.00390625 0.35546875 0.005859375 0.35546875 0.0078125 0.357421875 0.009765625 0.357421875 0.01171875 0.359375 0.009765625 0.361328125 0.009765625 0.361328125 0.0078125 0.359375 0.005859375 0.359375 0.00390625 0.357421875 0.001953125 0.357421875 0.0
