0 0.875 0.904296875 0.875 0.90625 0.873046875 0.908203125 0.873046875 0.91015625 0.875 0.912109375 0.873046875 0.9140625 0.873046875 0.916015625 0.87109375 0.91796875 0.87109375 0.921875 0.876953125 0.921875 0.87890625 0.919921875 0.87890625 0.91796875 0.880859375 0.916015625 0.880859375 0.91015625 0.87890625 0.908203125 0.87890625 0.90625 0.876953125 0.90625
0 0.537109375 0.890625 0.53515625 0.892578125 0.53515625 0.8984375 0.541015625 0.8984375 0.54296875 0.900390625 0.564453125 0.900390625 0.5625 0.8984375 0.5625 0.89453125 0.560546875 0.892578125 0.5546875 0.892578125 0.552734375 0.89453125 0.55078125 0.89453125 0.548828125 0.892578125 0.546875 0.892578125 0.544921875 0.890625
0 0.890625 0.87109375 0.890625 0.873046875 0.892578125 0.875 0.892578125 0.87890625 0.89453125 0.880859375 0.896484375 0.87890625 0.8984375 0.87890625 0.8984375 0.873046875 0.896484375 0.87109375
0 0.724609375 0.8671875 0.72265625 0.869140625 0.72265625 0.873046875 0.724609375 0.875 0.732421875 0.875 0.734375 0.873046875 0.734375 0.869140625 0.732421875 0.8671875
0 0.18359375 0.72265625 0.181640625 0.724609375 0.181640625 0.734375 0.18359375 0.736328125 0.185546875 0.734375 0.185546875 0.72265625
0 0.275390625 0.720703125 0.275390625 0.72265625 0.271484375 0.7265625 0.271484375 0.728515625 0.26953125 0.73046875 0.26953125 0.734375 0.271484375 0.736328125 0.275390625 0.736328125 0.275390625 0.734375 0.27734375 0.732421875 0.27734375 0.724609375 0.275390625 0.72265625
0 0.64453125 0.6484375 0.642578125 0.650390625 0.634765625 0.650390625 0.6328125 0.65234375 0.6328125 0.65625 0.642578125 0.65625 0.64453125 0.654296875 0.654296875 0.654296875 0.65625 0.65234375 0.65625 0.650390625 0.654296875 0.650390625 0.65234375 0.6484375
0 0.7109375 0.5546875 0.708984375 0.556640625 0.708984375 0.560546875 0.7109375 0.5625 0.7109375 0.564453125 0.71484375 0.568359375 0.71484375 0.57421875 0.712890625 0.576171875 0.712890625 0.578125 0.71484375 0.580078125 0.71484375 0.58203125 0.716796875 0.58203125 0.71875 0.583984375 0.720703125 0.58203125 0.72265625 0.58203125 0.724609375 0.580078125 0.724609375 0.568359375 0.72265625 0.56640625 0.72265625 0.5625 0.720703125 0.560546875 0.720703125 0.55859375 0.71875 0.55859375 0.716796875 0.556640625 0.71484375 0.556640625 0.712890625 0.5546875
0 0.71484375 0.54296875 0.7109375 0.546875 0.7109375 0.548828125 0.712890625 0.55078125 0.71875 0.55078125 0.72265625 0.546875 0.72265625 0.544921875 0.716796875 0.544921875
0 0.6484375 0.541015625 0.6484375 0.548828125 0.650390625 0.55078125 0.650390625 0.552734375 0.65234375 0.552734375 0.654296875 0.55078125 0.654296875 0.548828125 0.65625 0.546875 0.65625 0.541015625
0 0.734375 0.529296875 0.732421875 0.53125 0.732421875 0.53515625 0.734375 0.537109375 0.736328125 0.537109375 0.73828125 0.53515625 0.73828125 0.53125 0.736328125 0.529296875
0 0.21875 0.51171875 0.21484375 0.515625 0.21484375 0.51953125 0.216796875 0.51953125 0.21875 0.521484375 0.220703125 0.51953125 0.22265625 0.51953125 0.22265625 0.517578125 0.224609375 0.515625 0.22265625 0.513671875 0.22265625 0.51171875
0 0.40234375 0.482421875 0.400390625 0.484375 0.3984375 0.484375 0.3984375 0.4921875 0.400390625 0.4921875 0.40234375 0.494140625 0.412109375 0.494140625 0.4140625 0.4921875 0.4140625 0.490234375 0.40625 0.482421875
0 0.4296875 0.466796875 0.427734375 0.46875 0.42578125 0.46875 0.423828125 0.470703125 0.419921875 0.470703125 0.419921875 0.474609375 0.431640625 0.474609375 0.43359375 0.47265625 0.43359375 0.466796875
0 0.87890625 0.416015625 0.880859375 0.41796875 0.880859375 0.421875 0.87890625 0.423828125 0.87890625 0.42578125 0.875 0.4296875 0.876953125 0.431640625 0.876953125 0.43359375 0.87890625 0.43359375 0.880859375 0.435546875 0.8828125 0.435546875 0.88671875 0.431640625 0.88671875 0.423828125 0.884765625 0.421875 0.884765625 0.419921875 0.8828125 0.41796875 0.8828125 0.416015625
0 0.93359375 0.177734375 0.9296875 0.181640625 0.9296875 0.189453125 0.931640625 0.19140625 0.931640625 0.193359375 0.93359375 0.1953125 0.935546875 0.193359375 0.9375 0.193359375 0.9375 0.189453125 0.939453125 0.1875 0.939453125 0.177734375
0 0.859375 0.16796875 0.857421875 0.169921875 0.857421875 0.17578125 0.859375 0.17578125 0.865234375 0.181640625 0.8671875 0.181640625 0.875 0.189453125 0.875 0.19140625 0.876953125 0.19140625 0.87890625 0.193359375 0.880859375 0.193359375 0.8828125 0.1953125 0.884765625 0.193359375 0.884765625 0.1875 0.88671875 0.185546875 0.884765625 0.18359375 0.884765625 0.177734375 0.8828125 0.17578125 0.880859375 0.17578125 0.876953125 0.171875 0.873046875 0.171875 0.87109375 0.169921875 0.869140625 0.169921875 0.8671875 0.16796875
0 0.822265625 0.150390625 0.822265625 0.15234375 0.8203125 0.154296875 0.8203125 0.15625 0.833984375 0.169921875 0.8359375 0.169921875 0.837890625 0.171875 0.84765625 0.171875 0.84765625 0.1640625 0.841796875 0.158203125 0.83984375 0.158203125 0.837890625 0.15625 0.8359375 0.15625 0.833984375 0.154296875 0.83203125 0.154296875 0.830078125 0.15234375 0.826171875 0.15234375 0.82421875 0.150390625
