0 0.314453125 0.896484375 0.3125 0.8984375 0.30859375 0.8984375 0.3046875 0.90234375 0.302734375 0.90234375 0.30078125 0.904296875 0.294921875 0.904296875 0.298828125 0.908203125 0.30859375 0.908203125 0.310546875 0.90625 0.3125 0.90625 0.318359375 0.900390625 0.318359375 0.896484375
0 0.298828125 0.888671875 0.296875 0.890625 0.29296875 0.890625 0.291015625 0.892578125 0.291015625 0.89453125 0.296875 0.89453125 0.298828125 0.892578125 0.30078125 0.892578125 0.30078125 0.890625
0 0.29296875 0.87890625 0.291015625 0.880859375 0.2890625 0.880859375 0.287109375 0.8828125 0.287109375 0.88671875 0.2890625 0.88671875 0.291015625 0.884765625 0.29296875 0.884765625 0.296875 0.880859375 0.296875 0.87890625
0 0.244140625 0.87109375 0.240234375 0.875 0.240234375 0.876953125 0.23828125 0.87890625 0.236328125 0.87890625 0.236328125 0.880859375 0.232421875 0.884765625 0.232421875 0.892578125 0.2421875 0.892578125 0.2421875 0.890625 0.24609375 0.88671875 0.24609375 0.884765625 0.25390625 0.876953125 0.251953125 0.875 0.251953125 0.873046875 0.25 0.87109375
0 0.2265625 0.861328125 0.224609375 0.86328125 0.22265625 0.86328125 0.220703125 0.865234375 0.220703125 0.8671875 0.21875 0.869140625 0.21875 0.87109375 0.216796875 0.873046875 0.216796875 0.876953125 0.21875 0.87890625 0.22265625 0.87890625 0.224609375 0.876953125 0.2265625 0.876953125 0.228515625 0.875 0.228515625 0.861328125
0 0.279296875 0.859375 0.275390625 0.86328125 0.275390625 0.865234375 0.28125 0.87109375 0.287109375 0.87109375 0.291015625 0.8671875 0.291015625 0.865234375 0.2890625 0.86328125 0.287109375 0.86328125 0.28515625 0.861328125 0.283203125 0.861328125 0.28125 0.859375
0 0.2734375 0.849609375 0.271484375 0.8515625 0.265625 0.8515625 0.265625 0.857421875 0.267578125 0.857421875 0.26953125 0.859375 0.2734375 0.859375 0.2734375 0.857421875 0.27734375 0.853515625 0.27734375 0.849609375
0 0.181640625 0.755859375 0.1796875 0.7578125 0.177734375 0.7578125 0.17578125 0.759765625 0.173828125 0.759765625 0.166015625 0.767578125 0.166015625 0.771484375 0.16796875 0.7734375 0.16796875 0.775390625 0.169921875 0.77734375 0.169921875 0.7890625 0.171875 0.791015625 0.171875 0.798828125 0.173828125 0.798828125 0.17578125 0.80078125 0.181640625 0.80078125 0.18359375 0.802734375 0.185546875 0.80078125 0.1953125 0.80078125 0.1953125 0.798828125 0.19921875 0.794921875 0.197265625 0.79296875 0.197265625 0.791015625 0.1953125 0.7890625 0.1953125 0.787109375 0.193359375 0.78515625 0.193359375 0.77734375 0.19140625 0.775390625 0.19140625 0.771484375 0.189453125 0.76953125 0.189453125 0.765625 0.1875 0.763671875 0.1875 0.7578125 0.185546875 0.755859375
0 0.14453125 0.68359375 0.140625 0.6875 0.140625 0.689453125 0.142578125 0.69140625 0.142578125 0.6953125 0.14453125 0.697265625 0.14453125 0.701171875 0.146484375 0.703125 0.146484375 0.708984375 0.1484375 0.7109375 0.1484375 0.71875 0.14453125 0.72265625 0.14453125 0.724609375 0.142578125 0.7265625 0.154296875 0.7265625 0.15625 0.728515625 0.158203125 0.728515625 0.16015625 0.73046875 0.162109375 0.73046875 0.177734375 0.74609375 0.1796875 0.744140625 0.1875 0.744140625 0.1875 0.7421875 0.185546875 0.740234375 0.185546875 0.734375 0.173828125 0.72265625 0.173828125 0.720703125 0.169921875 0.716796875 0.169921875 0.71484375 0.166015625 0.7109375 0.166015625 0.708984375 0.1640625 0.70703125 0.1640625 0.705078125 0.162109375 0.703125 0.162109375 0.701171875 0.16015625 0.69921875 0.16015625 0.697265625 0.158203125 0.6953125 0.158203125 0.693359375 0.15234375 0.6875 0.150390625 0.6875 0.1484375 0.685546875 0.146484375 0.685546875
0 0.099609375 0.677734375 0.095703125 0.681640625 0.095703125 0.685546875 0.09375 0.6875 0.09375 0.693359375 0.091796875 0.6953125 0.095703125 0.69921875 0.09765625 0.697265625 0.099609375 0.697265625 0.103515625 0.693359375 0.103515625 0.685546875 0.10546875 0.68359375 0.10546875 0.6796875 0.103515625 0.6796875 0.1015625 0.677734375
0 0.009765625 0.591796875 0.0078125 0.59375 0.005859375 0.59375 0.00390625 0.595703125 0.0 0.595703125 0.0 0.60546875 0.001953125 0.60546875 0.00390625 0.607421875 0.005859375 0.607421875 0.0078125 0.609375 0.01171875 0.609375 0.013671875 0.607421875 0.015625 0.607421875 0.017578125 0.60546875 0.017578125 0.59765625 0.015625 0.595703125 0.013671875 0.595703125
0 0.958984375 0.41796875 0.95703125 0.419921875 0.951171875 0.419921875 0.951171875 0.427734375 0.953125 0.4296875 0.953125 0.431640625 0.95703125 0.435546875 0.958984375 0.435546875 0.9609375 0.4375 0.9609375 0.439453125 0.96484375 0.443359375 0.96875 0.443359375 0.970703125 0.44140625 0.97265625 0.44140625 0.97265625 0.439453125 0.970703125 0.4375 0.970703125 0.431640625 0.96875 0.4296875 0.96875 0.42578125 0.966796875 0.423828125 0.966796875 0.421875 0.96484375 0.421875 0.962890625 0.419921875 0.9609375 0.419921875
