0 0.9921875 0.861328125 0.990234375 0.86328125 0.990234375 0.876953125 0.98828125 0.87890625 0.98828125 0.880859375 0.990234375 0.87890625 0.990234375 0.876953125 0.9921875 0.875 0.9921875 0.87109375 0.994140625 0.869140625 0.998046875 0.869140625 0.998046875 0.86328125 0.99609375 0.86328125 0.994140625 0.861328125
0 0.0 0.818359375 0.0 0.833984375 0.0 0.83203125 0.001953125 0.830078125 0.001953125 0.8203125
0 0.921875 0.814453125 0.919921875 0.81640625 0.91796875 0.81640625 0.91796875 0.818359375 0.916015625 0.8203125 0.916015625 0.82421875 0.91796875 0.826171875 0.91796875 0.830078125 0.919921875 0.83203125 0.919921875 0.833984375 0.923828125 0.837890625 0.931640625 0.837890625 0.93359375 0.83984375 0.935546875 0.83984375 0.9375 0.841796875 0.9375 0.84375 0.939453125 0.845703125 0.939453125 0.849609375 0.935546875 0.853515625 0.93359375 0.853515625 0.931640625 0.85546875 0.927734375 0.85546875 0.92578125 0.853515625 0.921875 0.853515625 0.919921875 0.8515625 0.91796875 0.8515625 0.916015625 0.853515625 0.904296875 0.853515625 0.90234375 0.85546875 0.90234375 0.861328125 0.904296875 0.859375 0.91015625 0.859375 0.912109375 0.861328125 0.9140625 0.861328125 0.916015625 0.86328125 0.94140625 0.86328125 0.9453125 0.859375 0.966796875 0.859375 0.96875 0.857421875 0.970703125 0.857421875 0.97265625 0.85546875 0.974609375 0.85546875 0.986328125 0.84375 0.998046875 0.84375 0.998046875 0.8359375 0.994140625 0.83203125 0.990234375 0.83203125 0.98828125 0.830078125 0.986328125 0.830078125 0.978515625 0.837890625 0.9765625 0.837890625 0.97265625 0.841796875 0.962890625 0.841796875 0.9609375 0.84375 0.953125 0.84375 0.951171875 0.841796875 0.947265625 0.841796875 0.94140625 0.8359375 0.939453125 0.8359375 0.935546875 0.83203125 0.935546875 0.830078125 0.931640625 0.826171875 0.931640625 0.82421875 0.9296875 0.822265625 0.9296875 0.8203125 0.927734375 0.818359375 0.927734375 0.81640625 0.92578125 0.814453125
0 0.0 0.78515625 0.0 0.802734375 0.00390625 0.798828125 0.00390625 0.796875 0.005859375 0.794921875 0.005859375 0.79296875 0.00390625 0.791015625 0.00390625 0.787109375 0.001953125 0.78515625
0 0.044921875 0.763671875 0.04296875 0.765625 0.041015625 0.765625 0.0390625 0.767578125 0.0390625 0.7734375 0.041015625 0.775390625 0.04296875 0.775390625 0.044921875 0.77734375 0.048828125 0.77734375 0.05078125 0.775390625 0.0546875 0.775390625 0.056640625 0.7734375 0.056640625 0.76953125 0.0546875 0.767578125 0.0546875 0.765625 0.052734375 0.763671875
0 0.818359375 0.65234375 0.818359375 0.65625 0.8203125 0.658203125 0.822265625 0.658203125 0.82421875 0.66015625 0.826171875 0.66015625 0.828125 0.662109375 0.830078125 0.662109375 0.83203125 0.6640625 0.8359375 0.6640625 0.837890625 0.666015625 0.841796875 0.666015625 0.84375 0.66796875 0.8515625 0.66796875 0.853515625 0.666015625 0.8671875 0.666015625 0.869140625 0.6640625 0.869140625 0.65625 0.8671875 0.65625 0.86328125 0.65234375 0.861328125 0.65234375 0.859375 0.654296875 0.85546875 0.654296875 0.853515625 0.65625 0.8515625 0.65625 0.849609375 0.658203125 0.84765625 0.658203125 0.845703125 0.66015625 0.84375 0.658203125 0.83984375 0.658203125 0.837890625 0.65625 0.828125 0.65625 0.82421875 0.65234375
0 0.267578125 0.638671875 0.267578125 0.642578125 0.279296875 0.654296875 0.279296875 0.66015625 0.28125 0.662109375 0.28125 0.6640625 0.291015625 0.673828125 0.29296875 0.673828125 0.294921875 0.67578125 0.294921875 0.681640625 0.296875 0.68359375 0.296875 0.689453125 0.298828125 0.69140625 0.298828125 0.6953125 0.302734375 0.69921875 0.310546875 0.69921875 0.310546875 0.6953125 0.3125 0.693359375 0.3125 0.68359375 0.310546875 0.681640625 0.310546875 0.6796875 0.30859375 0.677734375 0.30859375 0.67578125 0.3046875 0.671875 0.3046875 0.666015625 0.302734375 0.6640625 0.302734375 0.662109375 0.296875 0.65625 0.294921875 0.65625 0.29296875 0.654296875 0.2890625 0.654296875 0.287109375 0.65234375 0.28515625 0.65234375 0.271484375 0.638671875
0 0.998046875 0.578125 0.99609375 0.580078125 0.99609375 0.58203125 0.990234375 0.587890625 0.990234375 0.58984375 0.98828125 0.591796875 0.986328125 0.591796875 0.978515625 0.599609375 0.978515625 0.607421875 0.98046875 0.607421875 0.982421875 0.609375 0.986328125 0.609375 0.994140625 0.6015625 0.994140625 0.599609375 0.998046875 0.595703125
0 0.9375 0.576171875 0.9296875 0.583984375 0.927734375 0.583984375 0.927734375 0.587890625 0.931640625 0.591796875 0.931640625 0.59375 0.93359375 0.59375 0.935546875 0.595703125 0.9375 0.595703125 0.94140625 0.599609375 0.947265625 0.599609375 0.94921875 0.6015625 0.95703125 0.6015625 0.962890625 0.595703125 0.9609375 0.59375 0.958984375 0.59375 0.953125 0.587890625 0.953125 0.5859375 0.94921875 0.58203125 0.94921875 0.580078125 0.947265625 0.578125 0.947265625 0.576171875
0 0.990234375 0.45703125 0.98828125 0.458984375 0.970703125 0.458984375 0.970703125 0.4609375 0.96875 0.462890625 0.96875 0.466796875 0.970703125 0.46875 0.970703125 0.47265625 0.97265625 0.474609375 0.97265625 0.4765625 0.974609375 0.4765625 0.9765625 0.474609375 0.982421875 0.474609375 0.986328125 0.470703125 0.98828125 0.470703125 0.994140625 0.46484375 0.9921875 0.462890625 0.9921875 0.45703125
0 0.998046875 0.205078125 0.998046875 0.20703125 0.99609375 0.208984375 0.99609375 0.212890625 0.998046875 0.21484375
0 0.28125 0.13671875 0.279296875 0.138671875 0.27734375 0.138671875 0.271484375 0.14453125 0.267578125 0.14453125 0.265625 0.146484375 0.263671875 0.146484375 0.255859375 0.154296875 0.25390625 0.154296875 0.251953125 0.15625 0.248046875 0.15625 0.248046875 0.158203125 0.244140625 0.162109375 0.2421875 0.162109375 0.2421875 0.16796875 0.24609375 0.171875 0.248046875 0.171875 0.251953125 0.17578125 0.2578125 0.17578125 0.26171875 0.171875 0.28515625 0.171875 0.291015625 0.166015625 0.29296875 0.166015625 0.298828125 0.16015625 0.298828125 0.158203125 0.3046875 0.15234375 0.3046875 0.150390625 0.302734375 0.1484375 0.302734375 0.146484375 0.296875 0.140625 0.294921875 0.140625 0.29296875 0.138671875 0.291015625 0.138671875 0.2890625 0.13671875
