0 0.091796875 0.994140625 0.091796875 0.99609375 0.08984375 0.998046875 0.109375 0.998046875 0.10546875 0.994140625
0 0.5078125 0.98046875 0.505859375 0.982421875 0.505859375 0.98828125 0.513671875 0.98828125 0.51171875 0.986328125 0.51171875 0.98046875
0 0.814453125 0.96875 0.8125 0.970703125 0.80859375 0.970703125 0.80859375 0.97265625 0.814453125 0.97265625 0.81640625 0.974609375 0.818359375 0.974609375 0.8203125 0.97265625 0.8203125 0.970703125 0.818359375 0.970703125 0.81640625 0.96875
0 0.5546875 0.9375 0.552734375 0.939453125 0.552734375 0.94140625 0.55078125 0.943359375 0.55078125 0.94921875 0.552734375 0.951171875 0.552734375 0.955078125 0.55078125 0.95703125 0.55078125 0.958984375 0.548828125 0.9609375 0.548828125 0.962890625 0.546875 0.96484375 0.546875 0.970703125 0.544921875 0.97265625 0.544921875 0.98046875 0.55078125 0.98046875 0.5546875 0.9765625 0.5546875 0.970703125 0.556640625 0.96875 0.5546875 0.966796875 0.5546875 0.9609375 0.560546875 0.955078125 0.560546875 0.953125 0.5625 0.951171875 0.5625 0.94921875 0.564453125 0.947265625 0.564453125 0.94140625 0.560546875 0.9375
0 0.6484375 0.9296875 0.646484375 0.931640625 0.646484375 0.9375 0.6484375 0.939453125 0.6484375 0.94140625 0.654296875 0.94140625 0.654296875 0.939453125 0.65625 0.9375 0.654296875 0.935546875 0.654296875 0.93359375 0.65234375 0.931640625 0.65234375 0.9296875
0 0.55859375 0.92578125 0.55859375 0.927734375 0.564453125 0.93359375 0.564453125 0.931640625 0.5625 0.9296875 0.5625 0.927734375 0.560546875 0.92578125
0 0.8046875 0.90625 0.802734375 0.908203125 0.802734375 0.91015625 0.798828125 0.9140625 0.80078125 0.916015625 0.80078125 0.91796875 0.802734375 0.916015625 0.8046875 0.916015625 0.8046875 0.9140625 0.806640625 0.912109375 0.806640625 0.908203125
0 0.857421875 0.8984375 0.857421875 0.900390625 0.85546875 0.90234375 0.85546875 0.904296875 0.853515625 0.90625 0.85546875 0.908203125 0.857421875 0.908203125 0.861328125 0.904296875 0.86328125 0.904296875 0.865234375 0.90234375 0.8671875 0.904296875 0.869140625 0.904296875 0.87109375 0.90625 0.873046875 0.90625 0.873046875 0.904296875 0.875 0.90234375 0.87109375 0.8984375
0 0.822265625 0.896484375 0.818359375 0.900390625 0.818359375 0.90234375 0.81640625 0.904296875 0.818359375 0.90625 0.822265625 0.90625 0.826171875 0.90234375 0.826171875 0.896484375
0 0.388671875 0.896484375 0.38671875 0.8984375 0.38671875 0.900390625 0.388671875 0.90234375 0.396484375 0.90234375 0.396484375 0.896484375
0 0.4296875 0.89453125 0.427734375 0.896484375 0.427734375 0.900390625 0.4296875 0.900390625 0.431640625 0.90234375 0.435546875 0.90234375 0.4375 0.900390625 0.43359375 0.896484375 0.431640625 0.896484375
0 0.802734375 0.859375 0.80078125 0.861328125 0.8046875 0.865234375 0.806640625 0.865234375 0.8046875 0.86328125 0.8046875 0.861328125
0 0.43359375 0.857421875 0.431640625 0.859375 0.431640625 0.861328125 0.4296875 0.86328125 0.4296875 0.869140625 0.431640625 0.87109375 0.431640625 0.873046875 0.43359375 0.875 0.435546875 0.873046875 0.439453125 0.873046875 0.443359375 0.869140625 0.4453125 0.869140625 0.451171875 0.86328125 0.451171875 0.859375 0.44921875 0.857421875
0 0.873046875 0.84765625 0.87109375 0.849609375 0.87109375 0.857421875 0.876953125 0.857421875 0.87890625 0.859375 0.880859375 0.859375 0.880859375 0.85546875 0.875 0.849609375 0.875 0.84765625
0 0.83984375 0.83984375 0.837890625 0.841796875 0.8359375 0.841796875 0.8359375 0.845703125 0.833984375 0.84765625 0.833984375 0.849609375 0.837890625 0.849609375 0.841796875 0.845703125 0.84375 0.845703125 0.845703125 0.84375 0.84765625 0.84375 0.849609375 0.845703125 0.849609375 0.841796875 0.84765625 0.83984375
0 0.857421875 0.83203125 0.85546875 0.833984375 0.85546875 0.8359375 0.857421875 0.837890625 0.857421875 0.84765625 0.86328125 0.84765625 0.865234375 0.845703125 0.869140625 0.845703125 0.869140625 0.841796875 0.8671875 0.83984375 0.8671875 0.837890625 0.865234375 0.8359375 0.86328125 0.8359375 0.861328125 0.833984375 0.859375 0.833984375
0 0.72265625 0.83203125 0.720703125 0.833984375 0.71875 0.833984375 0.716796875 0.8359375 0.71484375 0.8359375 0.712890625 0.837890625 0.712890625 0.84375 0.71484375 0.845703125 0.716796875 0.84375 0.720703125 0.84375 0.72265625 0.841796875
0 0.8984375 0.826171875 0.8984375 0.830078125 0.900390625 0.83203125 0.90234375 0.830078125 0.90234375 0.826171875
0 0.818359375 0.814453125 0.818359375 0.81640625 0.8203125 0.81640625 0.82421875 0.8203125 0.833984375 0.8203125 0.83203125 0.818359375 0.830078125 0.818359375 0.826171875 0.814453125 0.82421875 0.81640625 0.8203125 0.81640625
0 0.90234375 0.8125 0.90234375 0.814453125 0.90625 0.818359375 0.908203125 0.818359375 0.908203125 0.814453125 0.90625 0.814453125 0.904296875 0.8125
0 0.8359375 0.80859375 0.8359375 0.814453125 0.837890625 0.81640625 0.837890625 0.818359375 0.83984375 0.8203125 0.841796875 0.8203125 0.841796875 0.814453125 0.83984375 0.8125 0.83984375 0.810546875 0.837890625 0.80859375
0 0.80859375 0.80859375 0.806640625 0.810546875 0.806640625 0.8125 0.810546875 0.8125 0.814453125 0.80859375
0 0.947265625 0.767578125 0.94140625 0.7734375 0.94140625 0.77734375 0.9453125 0.78125 0.94921875 0.77734375 0.94921875 0.775390625 0.951171875 0.7734375 0.951171875 0.767578125
0 0.94921875 0.7578125 0.94921875 0.76171875 0.951171875 0.763671875 0.953125 0.763671875 0.955078125 0.765625 0.95703125 0.765625 0.958984375 0.763671875 0.958984375 0.759765625 0.95703125 0.7578125
0 0.96484375 0.744140625 0.966796875 0.74609375 0.966796875 0.75 0.970703125 0.75390625 0.970703125 0.755859375 0.97265625 0.7578125 0.97265625 0.751953125 0.970703125 0.75 0.970703125 0.748046875 0.96875 0.74609375 0.96875 0.744140625
0 0.974609375 0.73828125 0.974609375 0.740234375 0.98046875 0.74609375 0.98046875 0.748046875 0.98046875 0.740234375 0.978515625 0.73828125
0 0.814453125 0.712890625 0.810546875 0.716796875 0.814453125 0.716796875
0 0.80859375 0.69921875 0.80859375 0.703125 0.814453125 0.708984375 0.818359375 0.708984375 0.822265625 0.705078125 0.822265625 0.703125 0.81640625 0.703125 0.8125 0.69921875
0 0.693359375 0.63671875 0.69140625 0.638671875 0.69140625 0.642578125 0.693359375 0.64453125 0.693359375 0.646484375 0.6953125 0.6484375 0.69921875 0.6484375 0.701171875 0.650390625 0.705078125 0.650390625 0.7109375 0.65625 0.7109375 0.658203125 0.71484375 0.654296875 0.71484375 0.65234375 0.708984375 0.646484375 0.708984375 0.64453125 0.705078125 0.640625 0.703125 0.640625 0.69921875 0.63671875
0 0.748046875 0.61328125 0.748046875 0.615234375 0.74609375 0.6171875 0.748046875 0.619140625 0.748046875 0.62109375 0.75 0.623046875 0.75390625 0.623046875 0.75390625 0.61328125
0 0.859375 0.55078125 0.857421875 0.552734375 0.859375 0.5546875 0.857421875 0.556640625 0.857421875 0.564453125 0.859375 0.564453125 0.861328125 0.56640625 0.865234375 0.56640625 0.8671875 0.564453125 0.861328125 0.55859375 0.861328125 0.55078125
0 0.83984375 0.537109375 0.837890625 0.5390625 0.837890625 0.54296875 0.83984375 0.54296875 0.84375 0.5390625 0.841796875 0.537109375
0 0.83984375 0.5234375 0.83984375 0.53125 0.841796875 0.533203125 0.84765625 0.533203125 0.84765625 0.53125 0.845703125 0.529296875 0.845703125 0.52734375 0.841796875 0.5234375
0 0.84375 0.505859375 0.84375 0.509765625 0.845703125 0.51171875 0.853515625 0.51171875 0.857421875 0.5078125 0.85546875 0.505859375
0 0.8359375 0.47265625 0.8359375 0.478515625 0.837890625 0.48046875 0.83984375 0.48046875 0.841796875 0.482421875 0.841796875 0.484375 0.84375 0.484375 0.84375 0.482421875 0.841796875 0.48046875 0.841796875 0.478515625 0.83984375 0.4765625 0.83984375 0.474609375 0.837890625 0.47265625
0 0.94140625 0.412109375 0.939453125 0.4140625 0.939453125 0.41796875 0.9375 0.419921875 0.9375 0.421875 0.935546875 0.423828125 0.9375 0.42578125 0.935546875 0.427734375 0.935546875 0.431640625 0.9375 0.43359375 0.939453125 0.431640625 0.943359375 0.431640625 0.943359375 0.421875 0.9453125 0.419921875 0.9453125 0.41796875 0.943359375 0.416015625 0.943359375 0.4140625
