0 0.53515625 0.8203125 0.533203125 0.822265625 0.53515625 0.82421875 0.53515625 0.828125 0.537109375 0.830078125 0.541015625 0.830078125 0.54296875 0.828125 0.541015625 0.826171875 0.541015625 0.82421875 0.537109375 0.8203125
0 0.640625 0.7109375 0.638671875 0.712890625 0.63671875 0.712890625 0.634765625 0.71484375 0.634765625 0.716796875 0.63671875 0.71875 0.63671875 0.720703125 0.638671875 0.72265625 0.64453125 0.72265625 0.64453125 0.71484375
0 0.943359375 0.677734375 0.939453125 0.681640625 0.939453125 0.68359375 0.943359375 0.6875 0.951171875 0.6875 0.953125 0.685546875 0.953125 0.6796875 0.951171875 0.6796875 0.94921875 0.677734375
0 0.478515625 0.65234375 0.4765625 0.654296875 0.4765625 0.65625 0.474609375 0.658203125 0.4765625 0.66015625 0.4765625 0.6640625 0.478515625 0.6640625 0.482421875 0.66796875 0.486328125 0.66796875 0.48828125 0.669921875 0.490234375 0.66796875 0.490234375 0.658203125 0.48828125 0.65625 0.486328125 0.65625 0.484375 0.654296875 0.482421875 0.654296875 0.48046875 0.65234375
0 0.986328125 0.615234375 0.984375 0.6171875 0.984375 0.619140625 0.982421875 0.62109375 0.982421875 0.623046875 0.98046875 0.625 0.98046875 0.626953125 0.978515625 0.62890625 0.978515625 0.630859375 0.9765625 0.6328125 0.9765625 0.642578125 0.978515625 0.64453125 0.978515625 0.6484375 0.98828125 0.6484375 0.990234375 0.646484375 0.9921875 0.646484375 0.994140625 0.64453125 0.99609375 0.64453125 0.998046875 0.642578125 0.998046875 0.623046875 0.990234375 0.615234375
0 0.615234375 0.599609375 0.61328125 0.6015625 0.607421875 0.6015625 0.6015625 0.607421875 0.6015625 0.609375 0.603515625 0.611328125 0.603515625 0.61328125 0.609375 0.61328125 0.609375 0.611328125 0.607421875 0.609375 0.607421875 0.607421875 0.609375 0.60546875 0.611328125 0.60546875 0.615234375 0.6015625
0 0.751953125 0.5625 0.748046875 0.56640625 0.748046875 0.5703125 0.75 0.572265625 0.755859375 0.572265625 0.7578125 0.5703125 0.7578125 0.568359375 0.755859375 0.56640625 0.755859375 0.5625
0 0.87890625 0.51953125 0.876953125 0.521484375 0.876953125 0.5234375 0.875 0.525390625 0.876953125 0.52734375 0.876953125 0.529296875 0.87890625 0.53125 0.88671875 0.53125 0.888671875 0.529296875 0.888671875 0.525390625 0.88671875 0.5234375 0.88671875 0.521484375 0.884765625 0.51953125
0 0.708984375 0.470703125 0.708984375 0.474609375 0.7109375 0.4765625 0.712890625 0.4765625 0.71484375 0.474609375 0.71484375 0.47265625 0.712890625 0.470703125
0 0.943359375 0.427734375 0.94140625 0.4296875 0.939453125 0.4296875 0.9375 0.431640625 0.935546875 0.431640625 0.935546875 0.43359375 0.9375 0.435546875 0.9453125 0.435546875 0.947265625 0.43359375 0.951171875 0.43359375 0.951171875 0.4296875 0.94921875 0.427734375
0 0.927734375 0.40234375 0.92578125 0.404296875 0.921875 0.404296875 0.919921875 0.40625 0.916015625 0.40625 0.9140625 0.408203125 0.91015625 0.408203125 0.908203125 0.41015625 0.90625 0.41015625 0.904296875 0.412109375 0.90625 0.4140625 0.91015625 0.4140625 0.916015625 0.419921875 0.91796875 0.419921875 0.919921875 0.421875 0.921875 0.421875 0.923828125 0.423828125 0.92578125 0.423828125 0.927734375 0.42578125 0.9296875 0.42578125 0.931640625 0.423828125 0.93359375 0.423828125 0.9375 0.419921875 0.9375 0.416015625 0.935546875 0.4140625 0.935546875 0.41015625 0.93359375 0.408203125 0.93359375 0.40625 0.9296875 0.40234375
0 0.40234375 0.224609375 0.396484375 0.23046875 0.400390625 0.234375 0.40625 0.234375 0.408203125 0.236328125 0.408203125 0.23828125 0.4140625 0.244140625 0.4140625 0.2421875 0.416015625 0.240234375 0.416015625 0.236328125 0.4140625 0.234375 0.4140625 0.232421875 0.412109375 0.23046875 0.412109375 0.228515625 0.41015625 0.228515625 0.408203125 0.2265625 0.40625 0.2265625 0.404296875 0.224609375
0 0.37890625 0.2109375 0.37890625 0.2265625 0.3828125 0.23046875 0.388671875 0.23046875 0.388671875 0.2265625 0.38671875 0.224609375 0.38671875 0.22265625 0.384765625 0.220703125 0.384765625 0.21875 0.380859375 0.21484375 0.380859375 0.212890625
0 0.404296875 0.208984375 0.404296875 0.216796875 0.412109375 0.224609375 0.416015625 0.224609375 0.41796875 0.22265625 0.41796875 0.216796875 0.412109375 0.2109375 0.41015625 0.2109375 0.408203125 0.208984375
0 0.892578125 0.193359375 0.890625 0.1953125 0.880859375 0.1953125 0.880859375 0.197265625 0.884765625 0.201171875 0.88671875 0.201171875 0.888671875 0.19921875 0.890625 0.19921875 0.89453125 0.1953125
0 0.263671875 0.193359375 0.26171875 0.1953125 0.26171875 0.203125 0.259765625 0.205078125 0.259765625 0.208984375 0.26171875 0.2109375 0.267578125 0.2109375 0.267578125 0.197265625 0.265625 0.1953125 0.265625 0.193359375
0 0.369140625 0.1875 0.3671875 0.189453125 0.3671875 0.1953125 0.369140625 0.197265625 0.369140625 0.19921875 0.373046875 0.203125 0.373046875 0.205078125 0.37109375 0.20703125 0.3671875 0.20703125 0.365234375 0.205078125 0.35546875 0.205078125 0.35546875 0.2109375 0.357421875 0.212890625 0.357421875 0.21484375 0.361328125 0.21875 0.36328125 0.21875 0.365234375 0.220703125 0.37109375 0.220703125 0.37109375 0.20703125 0.373046875 0.205078125 0.37890625 0.205078125 0.380859375 0.203125 0.380859375 0.1953125 0.37890625 0.193359375 0.376953125 0.193359375 0.373046875 0.189453125 0.37109375 0.189453125
0 0.396484375 0.18359375 0.396484375 0.193359375 0.3984375 0.1953125 0.40234375 0.1953125 0.40234375 0.189453125 0.400390625 0.1875 0.400390625 0.185546875 0.3984375 0.18359375
0 0.90234375 0.130859375 0.900390625 0.1328125 0.896484375 0.1328125 0.89453125 0.134765625 0.896484375 0.13671875 0.896484375 0.138671875 0.904296875 0.146484375 0.90625 0.146484375 0.908203125 0.1484375 0.916015625 0.1484375 0.916015625 0.146484375 0.91796875 0.14453125 0.921875 0.14453125 0.923828125 0.142578125 0.92578125 0.142578125 0.927734375 0.140625 0.927734375 0.138671875 0.923828125 0.134765625 0.9140625 0.134765625 0.912109375 0.1328125 0.908203125 0.1328125 0.90625 0.130859375
0 0.681640625 0.109375 0.677734375 0.11328125 0.677734375 0.119140625 0.67578125 0.12109375 0.677734375 0.123046875 0.677734375 0.125 0.6796875 0.126953125 0.6796875 0.12890625 0.681640625 0.130859375 0.685546875 0.130859375 0.6875 0.12890625 0.6875 0.12109375 0.685546875 0.119140625 0.685546875 0.1171875 0.68359375 0.115234375 0.68359375 0.11328125 0.681640625 0.111328125
0 0.857421875 0.103515625 0.853515625 0.107421875 0.853515625 0.11328125 0.85546875 0.11328125 0.857421875 0.111328125 0.861328125 0.111328125 0.86328125 0.109375 0.86328125 0.10546875 0.861328125 0.103515625
0 0.9140625 0.0703125 0.912109375 0.072265625 0.91015625 0.072265625 0.91015625 0.07421875 0.916015625 0.080078125 0.919921875 0.076171875 0.919921875 0.07421875 0.916015625 0.0703125
0 0.900390625 0.009765625 0.8984375 0.01171875 0.896484375 0.01171875 0.890625 0.017578125 0.90234375 0.017578125 0.90234375 0.01171875
