0 0.01171875 0.923828125 0.01171875 0.92578125 0.009765625 0.927734375 0.009765625 0.93359375 0.005859375 0.9375 0.005859375 0.94140625 0.0078125 0.943359375 0.0078125 0.947265625 0.01171875 0.947265625 0.013671875 0.9453125 0.013671875 0.943359375 0.015625 0.94140625 0.015625 0.935546875 0.017578125 0.93359375 0.017578125 0.927734375 0.015625 0.92578125 0.015625 0.923828125
0 0.115234375 0.84765625 0.11328125 0.849609375 0.111328125 0.849609375 0.099609375 0.861328125 0.099609375 0.86328125 0.09765625 0.865234375 0.09765625 0.8671875 0.0859375 0.87890625 0.0859375 0.880859375 0.083984375 0.8828125 0.083984375 0.88671875 0.0859375 0.888671875 0.087890625 0.88671875 0.099609375 0.88671875 0.103515625 0.890625 0.111328125 0.890625 0.11328125 0.892578125 0.12109375 0.892578125 0.123046875 0.890625 0.123046875 0.888671875 0.12109375 0.88671875 0.12109375 0.884765625 0.119140625 0.8828125 0.12109375 0.880859375 0.12109375 0.876953125 0.125 0.873046875 0.125 0.87109375 0.126953125 0.869140625 0.126953125 0.8671875 0.1328125 0.861328125 0.1328125 0.853515625 0.126953125 0.853515625 0.125 0.85546875 0.12109375 0.85546875 0.119140625 0.853515625 0.119140625 0.8515625 0.12109375 0.849609375 0.12109375 0.84765625
0 0.890625 0.673828125 0.890625 0.67578125 0.888671875 0.677734375 0.888671875 0.6796875 0.892578125 0.6796875 0.892578125 0.677734375 0.89453125 0.67578125 0.892578125 0.673828125
0 0.13671875 0.61328125 0.134765625 0.615234375 0.1328125 0.615234375 0.12890625 0.619140625 0.12890625 0.62109375 0.13671875 0.62890625 0.138671875 0.62890625 0.142578125 0.6328125 0.14453125 0.6328125 0.146484375 0.634765625 0.15234375 0.634765625 0.15234375 0.630859375 0.150390625 0.62890625 0.150390625 0.615234375 0.1484375 0.615234375 0.146484375 0.61328125
0 0.888671875 0.4609375 0.888671875 0.466796875 0.89453125 0.47265625 0.896484375 0.47265625 0.8984375 0.474609375 0.90234375 0.474609375 0.908203125 0.48046875 0.91015625 0.48046875 0.912109375 0.482421875 0.912109375 0.48046875 0.9140625 0.478515625 0.9140625 0.474609375 0.91796875 0.470703125 0.923828125 0.470703125 0.92578125 0.46875 0.92578125 0.466796875 0.923828125 0.46484375 0.919921875 0.46484375 0.91796875 0.466796875 0.9140625 0.466796875 0.912109375 0.46875 0.900390625 0.46875 0.8984375 0.466796875 0.892578125 0.466796875 0.888671875 0.462890625
0 0.142578125 0.42578125 0.142578125 0.431640625 0.14453125 0.43359375 0.14453125 0.435546875 0.154296875 0.435546875 0.154296875 0.43359375 0.15234375 0.431640625 0.15234375 0.427734375 0.150390625 0.42578125
0 0.30859375 0.40234375 0.306640625 0.404296875 0.302734375 0.404296875 0.302734375 0.40625 0.306640625 0.41015625 0.306640625 0.4140625 0.30859375 0.4140625 0.310546875 0.412109375 0.310546875 0.40625 0.3125 0.404296875 0.3125 0.40234375
0 0.208984375 0.396484375 0.208984375 0.404296875 0.2109375 0.40625 0.212890625 0.40625 0.216796875 0.40234375 0.22265625 0.40234375 0.224609375 0.400390625 0.224609375 0.396484375 0.220703125 0.396484375 0.21484375 0.40234375 0.212890625 0.40234375 0.2109375 0.400390625 0.2109375 0.3984375
0 0.15625 0.384765625 0.154296875 0.38671875 0.15234375 0.38671875 0.14453125 0.39453125 0.142578125 0.392578125 0.138671875 0.392578125 0.138671875 0.396484375 0.140625 0.3984375 0.140625 0.40234375 0.14453125 0.40625 0.14453125 0.40234375 0.1484375 0.3984375 0.150390625 0.3984375 0.15234375 0.400390625 0.154296875 0.400390625 0.15625 0.3984375 0.15625 0.39453125 0.158203125 0.392578125 0.158203125 0.388671875 0.16015625 0.38671875 0.16015625 0.384765625
0 0.255859375 0.361328125 0.25390625 0.36328125 0.248046875 0.36328125 0.248046875 0.3671875 0.25 0.3671875 0.251953125 0.369140625 0.251953125 0.375 0.25390625 0.375 0.255859375 0.376953125 0.259765625 0.373046875 0.265625 0.373046875 0.267578125 0.375 0.267578125 0.376953125 0.26953125 0.37890625 0.26953125 0.376953125 0.271484375 0.375 0.2734375 0.376953125 0.2734375 0.384765625 0.279296875 0.390625 0.279296875 0.392578125 0.28125 0.39453125 0.287109375 0.39453125 0.287109375 0.390625 0.283203125 0.38671875 0.283203125 0.3828125 0.28515625 0.380859375 0.28515625 0.376953125 0.283203125 0.376953125 0.28125 0.375 0.28125 0.373046875 0.279296875 0.373046875 0.2734375 0.3671875 0.2734375 0.361328125
0 0.16796875 0.33203125 0.16796875 0.333984375 0.169921875 0.3359375 0.169921875 0.341796875 0.171875 0.34375 0.171875 0.345703125 0.1640625 0.353515625 0.1640625 0.357421875 0.169921875 0.357421875 0.173828125 0.353515625 0.173828125 0.3515625 0.17578125 0.349609375 0.17578125 0.33984375 0.173828125 0.337890625 0.173828125 0.333984375 0.171875 0.33203125
0 0.16015625 0.2578125 0.158203125 0.259765625 0.15625 0.259765625 0.15625 0.263671875 0.15234375 0.267578125 0.146484375 0.267578125 0.14453125 0.26953125 0.14453125 0.271484375 0.140625 0.275390625 0.140625 0.27734375 0.14453125 0.28125 0.154296875 0.28125 0.154296875 0.27734375 0.162109375 0.26953125 0.162109375 0.265625 0.1640625 0.263671875 0.1640625 0.26171875 0.166015625 0.259765625 0.16796875 0.259765625 0.166015625 0.2578125
0 0.056640625 0.23828125 0.0546875 0.240234375 0.052734375 0.240234375 0.046875 0.24609375 0.044921875 0.24609375 0.04296875 0.248046875 0.0390625 0.248046875 0.03515625 0.251953125 0.033203125 0.251953125 0.02734375 0.2578125 0.02734375 0.259765625 0.021484375 0.265625 0.01953125 0.265625 0.01953125 0.267578125 0.017578125 0.26953125 0.017578125 0.271484375 0.021484375 0.275390625 0.025390625 0.275390625 0.02734375 0.2734375 0.029296875 0.2734375 0.029296875 0.271484375 0.02734375 0.26953125 0.02734375 0.265625 0.03125 0.26171875 0.03125 0.259765625 0.033203125 0.2578125 0.03515625 0.2578125 0.037109375 0.255859375 0.05078125 0.255859375 0.052734375 0.25390625 0.056640625 0.25390625 0.05859375 0.251953125 0.060546875 0.251953125 0.0625 0.25 0.0625 0.24609375 0.05859375 0.24609375 0.0546875 0.2421875 0.0546875 0.240234375 0.056640625 0.23828125 0.05859375 0.23828125
0 0.134765625 0.115234375 0.1328125 0.1171875 0.130859375 0.1171875 0.123046875 0.125 0.123046875 0.126953125 0.12109375 0.12890625 0.123046875 0.130859375 0.125 0.130859375 0.126953125 0.12890625 0.126953125 0.126953125 0.12890625 0.125 0.130859375 0.125 0.134765625 0.12109375
0 0.033203125 0.111328125 0.03125 0.11328125 0.029296875 0.11328125 0.0234375 0.119140625 0.0234375 0.12109375 0.02734375 0.12109375 0.03125 0.125 0.03125 0.130859375 0.03515625 0.134765625 0.037109375 0.134765625 0.04296875 0.140625 0.044921875 0.140625 0.046875 0.138671875 0.05078125 0.138671875 0.052734375 0.13671875 0.05078125 0.134765625 0.044921875 0.134765625 0.0390625 0.12890625 0.0390625 0.126953125 0.041015625 0.125 0.041015625 0.115234375 0.0390625 0.11328125 0.0390625 0.111328125
0 0.3671875 0.109375 0.36328125 0.11328125 0.36328125 0.119140625 0.3671875 0.123046875 0.369140625 0.123046875 0.37109375 0.12109375 0.37109375 0.1171875 0.373046875 0.115234375 0.373046875 0.111328125 0.37109375 0.109375
0 0.205078125 0.091796875 0.205078125 0.099609375 0.193359375 0.111328125 0.193359375 0.11328125 0.19140625 0.115234375 0.19140625 0.119140625 0.189453125 0.12109375 0.189453125 0.13671875 0.19140625 0.138671875 0.19140625 0.14453125 0.193359375 0.146484375 0.193359375 0.14453125 0.1953125 0.142578125 0.1953125 0.138671875 0.197265625 0.13671875 0.197265625 0.123046875 0.19921875 0.12109375 0.19921875 0.119140625 0.201171875 0.1171875 0.201171875 0.115234375 0.203125 0.11328125 0.203125 0.111328125 0.205078125 0.109375 0.205078125 0.107421875 0.20703125 0.10546875 0.20703125 0.099609375 0.208984375 0.09765625 0.208984375 0.09375 0.20703125 0.091796875
