0 0.083984375 0.970703125 0.08203125 0.97265625 0.08203125 0.974609375 0.080078125 0.9765625 0.080078125 0.9921875 0.078125 0.994140625 0.078125 0.998046875 0.0859375 0.998046875 0.087890625 0.99609375 0.087890625 0.974609375 0.0859375 0.97265625 0.0859375 0.970703125
0 0.76953125 0.90234375 0.767578125 0.904296875 0.767578125 0.9140625 0.76953125 0.916015625 0.767578125 0.91796875 0.767578125 0.919921875 0.765625 0.921875 0.765625 0.923828125 0.755859375 0.93359375 0.75390625 0.93359375 0.751953125 0.935546875 0.7578125 0.935546875 0.759765625 0.9375 0.763671875 0.9375 0.765625 0.935546875 0.765625 0.931640625 0.763671875 0.9296875 0.763671875 0.927734375 0.767578125 0.923828125 0.76953125 0.923828125 0.771484375 0.921875 0.771484375 0.916015625 0.76953125 0.9140625 0.771484375 0.912109375 0.771484375 0.91015625 0.7734375 0.908203125 0.7734375 0.90234375
0 0.884765625 0.87109375 0.880859375 0.875 0.87890625 0.875 0.876953125 0.876953125 0.875 0.876953125 0.876953125 0.87890625 0.876953125 0.880859375 0.87890625 0.880859375 0.8828125 0.884765625 0.8828125 0.88671875 0.880859375 0.888671875 0.880859375 0.890625 0.87890625 0.892578125 0.87890625 0.90234375 0.873046875 0.908203125 0.873046875 0.92578125 0.875 0.927734375 0.875 0.93359375 0.876953125 0.93359375 0.87890625 0.935546875 0.8828125 0.931640625 0.8828125 0.919921875 0.880859375 0.91796875 0.880859375 0.916015625 0.87890625 0.9140625 0.87890625 0.91015625 0.880859375 0.908203125 0.880859375 0.900390625 0.884765625 0.896484375 0.884765625 0.89453125 0.88671875 0.892578125 0.88671875 0.88671875 0.890625 0.8828125 0.890625 0.880859375 0.892578125 0.87890625 0.892578125 0.873046875 0.890625 0.873046875 0.888671875 0.87109375
0 0.876953125 0.84375 0.876953125 0.845703125 0.875 0.84765625 0.875 0.857421875 0.876953125 0.859375 0.87890625 0.859375 0.87890625 0.853515625 0.880859375 0.8515625 0.880859375 0.84375
0 0.82421875 0.78125 0.828125 0.78515625 0.830078125 0.78515625 0.830078125 0.783203125 0.83203125 0.78125
0 0.75 0.751953125 0.75 0.755859375 0.74609375 0.759765625 0.74609375 0.775390625 0.748046875 0.77734375 0.751953125 0.77734375 0.75390625 0.775390625 0.75390625 0.76953125 0.76171875 0.76171875 0.76171875 0.759765625 0.763671875 0.7578125 0.763671875 0.75390625 0.76171875 0.751953125
0 0.146484375 0.642578125 0.146484375 0.650390625 0.1484375 0.65234375 0.1484375 0.65625 0.150390625 0.658203125 0.150390625 0.66015625 0.15234375 0.662109375 0.15234375 0.66796875 0.154296875 0.669921875 0.154296875 0.671875 0.15625 0.673828125 0.16015625 0.673828125 0.16015625 0.671875 0.162109375 0.669921875 0.16015625 0.66796875 0.16015625 0.66015625 0.15625 0.65625 0.15625 0.65234375 0.154296875 0.650390625 0.154296875 0.6484375 0.1484375 0.642578125
0 0.185546875 0.13671875 0.18359375 0.138671875 0.1796875 0.138671875 0.177734375 0.140625 0.171875 0.140625 0.169921875 0.142578125 0.1640625 0.142578125 0.162109375 0.14453125 0.16015625 0.14453125 0.158203125 0.146484375 0.15625 0.146484375 0.15625 0.1484375 0.154296875 0.150390625 0.154296875 0.15234375 0.158203125 0.15234375 0.16015625 0.150390625 0.162109375 0.150390625 0.1640625 0.1484375 0.171875 0.1484375 0.173828125 0.150390625 0.173828125 0.154296875 0.17578125 0.15625 0.19140625 0.140625 0.19140625 0.13671875
0 0.990234375 0.126953125 0.98828125 0.12890625 0.986328125 0.12890625 0.984375 0.130859375 0.982421875 0.130859375 0.9765625 0.13671875 0.974609375 0.13671875 0.970703125 0.140625 0.970703125 0.142578125 0.96484375 0.1484375 0.96484375 0.150390625 0.962890625 0.15234375 0.962890625 0.154296875 0.96875 0.154296875 0.978515625 0.14453125 0.986328125 0.14453125 0.98828125 0.146484375 0.9921875 0.142578125 0.9921875 0.134765625 0.99609375 0.130859375 0.99609375 0.126953125
0 0.369140625 0.115234375 0.3671875 0.1171875 0.365234375 0.1171875 0.36328125 0.119140625 0.361328125 0.119140625 0.359375 0.12109375 0.357421875 0.12109375 0.35546875 0.123046875 0.353515625 0.123046875 0.3515625 0.125 0.349609375 0.125 0.345703125 0.12890625 0.345703125 0.130859375 0.34375 0.1328125 0.34375 0.142578125 0.345703125 0.14453125 0.345703125 0.150390625 0.34765625 0.15234375 0.34765625 0.162109375 0.349609375 0.1640625 0.349609375 0.166015625 0.3515625 0.16796875 0.353515625 0.16796875 0.35546875 0.169921875 0.359375 0.169921875 0.361328125 0.16796875 0.36328125 0.16796875 0.36328125 0.162109375 0.365234375 0.16015625 0.365234375 0.15625 0.3671875 0.154296875 0.3671875 0.14453125 0.369140625 0.142578125 0.369140625 0.140625 0.37109375 0.138671875 0.37109375 0.13671875 0.373046875 0.134765625 0.373046875 0.1328125 0.375 0.130859375 0.375 0.12890625 0.376953125 0.126953125 0.376953125 0.1171875 0.375 0.115234375
