0 0.669921875 0.904296875 0.66796875 0.90625 0.666015625 0.90625 0.666015625 0.91015625 0.66796875 0.912109375 0.671875 0.912109375 0.671875 0.91015625 0.673828125 0.908203125 0.673828125 0.904296875
0 0.705078125 0.90234375 0.703125 0.904296875 0.703125 0.908203125 0.705078125 0.908203125 0.70703125 0.91015625 0.708984375 0.91015625 0.7109375 0.912109375 0.712890625 0.912109375 0.712890625 0.904296875 0.7109375 0.904296875 0.708984375 0.90234375
0 0.68359375 0.884765625 0.681640625 0.88671875 0.681640625 0.890625 0.68359375 0.892578125 0.685546875 0.892578125 0.6875 0.89453125 0.6875 0.896484375 0.689453125 0.8984375 0.689453125 0.900390625 0.69140625 0.90234375 0.6953125 0.90234375 0.697265625 0.904296875 0.697265625 0.896484375 0.689453125 0.888671875 0.689453125 0.88671875 0.6875 0.884765625
0 0.82421875 0.85546875 0.8203125 0.859375 0.8203125 0.861328125 0.818359375 0.86328125 0.818359375 0.865234375 0.8125 0.87109375 0.8125 0.873046875 0.818359375 0.873046875 0.8203125 0.87109375 0.8203125 0.86328125 0.826171875 0.857421875
0 0.658203125 0.69921875 0.65625 0.701171875 0.65625 0.703125 0.654296875 0.705078125 0.654296875 0.7109375 0.65625 0.712890625 0.65625 0.716796875 0.658203125 0.71875 0.658203125 0.72265625 0.66015625 0.724609375 0.66015625 0.7265625 0.669921875 0.736328125 0.673828125 0.736328125 0.67578125 0.73828125 0.681640625 0.73828125 0.68359375 0.736328125 0.68359375 0.734375 0.6796875 0.734375 0.67578125 0.73046875 0.673828125 0.73046875 0.669921875 0.7265625 0.669921875 0.724609375 0.666015625 0.720703125 0.666015625 0.71875 0.6640625 0.716796875 0.6640625 0.708984375 0.666015625 0.70703125 0.666015625 0.701171875 0.6640625 0.69921875
0 0.12109375 0.599609375 0.119140625 0.6015625 0.119140625 0.603515625 0.1171875 0.60546875 0.1171875 0.607421875 0.115234375 0.609375 0.115234375 0.611328125 0.11328125 0.61328125 0.11328125 0.62109375 0.111328125 0.623046875 0.111328125 0.625 0.107421875 0.62890625 0.107421875 0.630859375 0.10546875 0.6328125 0.10546875 0.640625 0.107421875 0.640625 0.109375 0.638671875 0.109375 0.63671875 0.111328125 0.634765625 0.111328125 0.630859375 0.11328125 0.62890625 0.11328125 0.625 0.115234375 0.623046875 0.115234375 0.6171875 0.1171875 0.615234375 0.1171875 0.611328125 0.119140625 0.609375 0.119140625 0.607421875 0.12109375 0.60546875 0.12109375 0.603515625 0.125 0.599609375
0 0.97265625 0.466796875 0.970703125 0.46875 0.96875 0.46875 0.966796875 0.470703125 0.96484375 0.470703125 0.962890625 0.47265625 0.962890625 0.474609375 0.9609375 0.4765625 0.9609375 0.478515625 0.958984375 0.48046875 0.958984375 0.482421875 0.95703125 0.484375 0.95703125 0.490234375 0.955078125 0.4921875 0.955078125 0.498046875 0.9609375 0.50390625 0.96875 0.50390625 0.978515625 0.494140625 0.978515625 0.4921875 0.98046875 0.490234375 0.98046875 0.48828125 0.982421875 0.486328125 0.982421875 0.48046875 0.984375 0.478515625 0.984375 0.46875 0.982421875 0.466796875
0 0.7890625 0.328125 0.787109375 0.330078125 0.787109375 0.33203125 0.79296875 0.337890625 0.798828125 0.337890625 0.798828125 0.3359375 0.80078125 0.333984375 0.80078125 0.330078125 0.796875 0.330078125 0.794921875 0.328125
0 0.82421875 0.232421875 0.822265625 0.234375 0.818359375 0.234375 0.81640625 0.236328125 0.814453125 0.236328125 0.810546875 0.240234375 0.80859375 0.240234375 0.806640625 0.2421875 0.8046875 0.2421875 0.802734375 0.244140625 0.794921875 0.244140625 0.796875 0.24609375 0.80078125 0.24609375 0.802734375 0.248046875 0.814453125 0.248046875 0.81640625 0.25 0.8203125 0.25 0.822265625 0.251953125 0.82421875 0.251953125 0.826171875 0.25390625 0.830078125 0.25390625 0.83203125 0.255859375 0.837890625 0.255859375 0.837890625 0.248046875 0.83203125 0.2421875 0.83203125 0.236328125 0.828125 0.232421875
0 0.98046875 0.123046875 0.9765625 0.126953125 0.9765625 0.12890625 0.974609375 0.130859375 0.974609375 0.134765625 0.97265625 0.13671875 0.97265625 0.150390625 0.9765625 0.150390625 0.9765625 0.146484375 0.974609375 0.14453125 0.98046875 0.138671875 0.98046875 0.126953125 0.984375 0.123046875
0 0.4140625 0.05859375 0.412109375 0.060546875 0.412109375 0.06640625 0.4140625 0.064453125 0.4140625 0.060546875 0.416015625 0.05859375
0 0.423828125 0.05078125 0.421875 0.052734375 0.421875 0.0546875 0.423828125 0.056640625
0 0.9140625 0.046875 0.9140625 0.048828125 0.912109375 0.05078125 0.916015625 0.0546875 0.91796875 0.0546875 0.919921875 0.056640625 0.931640625 0.056640625 0.93359375 0.0546875 0.93359375 0.05078125 0.931640625 0.048828125 0.923828125 0.048828125 0.921875 0.046875
0 0.66796875 0.03515625 0.66796875 0.037109375 0.666015625 0.0390625 0.666015625 0.044921875 0.6640625 0.046875 0.6640625 0.064453125 0.666015625 0.06640625 0.666015625 0.072265625 0.66796875 0.07421875 0.66796875 0.076171875 0.669921875 0.078125 0.669921875 0.080078125 0.6796875 0.08984375 0.685546875 0.08984375 0.685546875 0.083984375 0.68359375 0.08203125 0.68359375 0.080078125 0.677734375 0.07421875 0.677734375 0.072265625 0.67578125 0.0703125 0.67578125 0.0390625 0.671875 0.03515625
0 0.861328125 0.0 0.875 0.0 0.876953125 0.001953125 0.8828125 0.001953125 0.884765625 0.0 0.888671875 0.0
