0 0.09375 0.85546875 0.091796875 0.857421875 0.08984375 0.857421875 0.091796875 0.859375 0.09375 0.859375 0.10546875 0.87109375 0.107421875 0.87109375 0.111328125 0.875 0.11328125 0.875 0.1171875 0.87890625 0.119140625 0.87890625 0.12109375 0.880859375 0.123046875 0.880859375 0.125 0.87890625 0.126953125 0.87890625 0.126953125 0.875 0.12890625 0.873046875 0.125 0.869140625 0.123046875 0.869140625 0.12109375 0.8671875 0.119140625 0.8671875 0.115234375 0.86328125 0.11328125 0.86328125 0.111328125 0.861328125 0.109375 0.861328125 0.107421875 0.859375 0.10546875 0.859375 0.103515625 0.857421875 0.099609375 0.857421875 0.09765625 0.85546875
0 0.4296875 0.830078125 0.42578125 0.833984375 0.42578125 0.849609375 0.423828125 0.8515625 0.423828125 0.859375 0.421875 0.861328125 0.421875 0.86328125 0.419921875 0.865234375 0.419921875 0.8671875 0.423828125 0.8671875 0.42578125 0.865234375 0.42578125 0.86328125 0.427734375 0.861328125 0.427734375 0.8515625 0.4296875 0.849609375 0.4296875 0.845703125 0.431640625 0.84375 0.431640625 0.841796875 0.43359375 0.83984375 0.43359375 0.83203125 0.431640625 0.83203125
0 0.96875 0.822265625 0.966796875 0.82421875 0.96484375 0.82421875 0.962890625 0.826171875 0.962890625 0.828125 0.958984375 0.83203125 0.958984375 0.833984375 0.953125 0.83984375 0.953125 0.841796875 0.947265625 0.84765625 0.947265625 0.849609375 0.951171875 0.849609375 0.955078125 0.845703125 0.95703125 0.845703125 0.962890625 0.83984375 0.96484375 0.83984375 0.96875 0.8359375 0.96875 0.83203125 0.970703125 0.830078125 0.970703125 0.82421875
0 0.203125 0.73828125 0.201171875 0.740234375 0.19921875 0.740234375 0.197265625 0.7421875 0.1953125 0.7421875 0.19140625 0.74609375 0.189453125 0.74609375 0.1875 0.748046875 0.181640625 0.748046875 0.1796875 0.75 0.1640625 0.75 0.16015625 0.75390625 0.16015625 0.755859375 0.162109375 0.7578125 0.173828125 0.7578125 0.17578125 0.755859375 0.201171875 0.755859375 0.203125 0.7578125 0.22265625 0.7578125 0.22265625 0.748046875 0.21875 0.744140625 0.21875 0.7421875 0.21484375 0.73828125
0 0.568359375 0.5546875 0.56640625 0.556640625 0.564453125 0.556640625 0.564453125 0.55859375 0.5625 0.560546875 0.568359375 0.56640625 0.576171875 0.56640625 0.578125 0.568359375 0.583984375 0.568359375 0.5859375 0.5703125 0.587890625 0.5703125 0.595703125 0.578125 0.59765625 0.578125 0.599609375 0.576171875 0.6015625 0.576171875 0.603515625 0.57421875 0.603515625 0.572265625 0.59765625 0.56640625 0.595703125 0.56640625 0.59375 0.564453125 0.591796875 0.564453125 0.587890625 0.560546875 0.5859375 0.560546875 0.583984375 0.55859375 0.580078125 0.55859375 0.578125 0.556640625 0.57421875 0.556640625 0.572265625 0.5546875
0 0.595703125 0.37890625 0.59375 0.380859375 0.591796875 0.380859375 0.58984375 0.3828125 0.587890625 0.3828125 0.5859375 0.384765625 0.583984375 0.384765625 0.58203125 0.38671875 0.576171875 0.38671875 0.57421875 0.388671875 0.5625 0.388671875 0.560546875 0.390625 0.560546875 0.392578125 0.564453125 0.396484375 0.572265625 0.396484375 0.57421875 0.3984375 0.580078125 0.3984375 0.58203125 0.396484375 0.5859375 0.396484375 0.587890625 0.39453125 0.595703125 0.39453125 0.59765625 0.392578125 0.6015625 0.392578125 0.607421875 0.38671875 0.607421875 0.37890625
0 0.513671875 0.3203125 0.51171875 0.322265625 0.509765625 0.322265625 0.5078125 0.32421875 0.5078125 0.326171875 0.50390625 0.330078125 0.50390625 0.33203125 0.505859375 0.333984375 0.505859375 0.337890625 0.5078125 0.33984375 0.509765625 0.33984375 0.51171875 0.341796875 0.515625 0.341796875 0.517578125 0.34375 0.521484375 0.34375 0.5234375 0.345703125 0.525390625 0.34375 0.52734375 0.34375 0.529296875 0.341796875 0.529296875 0.330078125 0.52734375 0.328125 0.52734375 0.32421875 0.525390625 0.32421875 0.5234375 0.322265625 0.521484375 0.322265625 0.51953125 0.3203125
0 0.76953125 0.240234375 0.759765625 0.25 0.759765625 0.251953125 0.7578125 0.25390625 0.7578125 0.255859375 0.755859375 0.2578125 0.755859375 0.259765625 0.75390625 0.26171875 0.75390625 0.263671875 0.75 0.267578125 0.75 0.26953125 0.748046875 0.271484375 0.748046875 0.2734375 0.74609375 0.275390625 0.74609375 0.283203125 0.748046875 0.28515625 0.748046875 0.287109375 0.75 0.2890625 0.75 0.291015625 0.751953125 0.29296875 0.75390625 0.291015625 0.75390625 0.2890625 0.7578125 0.28515625 0.7578125 0.283203125 0.759765625 0.28125 0.759765625 0.27734375 0.76171875 0.275390625 0.76171875 0.271484375 0.763671875 0.26953125 0.763671875 0.263671875 0.765625 0.26171875 0.765625 0.259765625 0.767578125 0.2578125 0.767578125 0.255859375 0.76953125 0.25390625 0.76953125 0.25 0.771484375 0.248046875 0.771484375 0.244140625 0.76953125 0.2421875
0 0.697265625 0.19921875 0.697265625 0.203125 0.6953125 0.205078125 0.6953125 0.212890625 0.693359375 0.21484375 0.693359375 0.2265625 0.69140625 0.228515625 0.69140625 0.232421875 0.689453125 0.234375 0.689453125 0.236328125 0.6875 0.23828125 0.6875 0.2421875 0.685546875 0.244140625 0.685546875 0.251953125 0.6875 0.25390625 0.6875 0.26171875 0.689453125 0.263671875 0.69140625 0.263671875 0.693359375 0.265625 0.6953125 0.265625 0.69921875 0.26171875 0.701171875 0.26171875 0.701171875 0.259765625 0.70703125 0.25390625 0.70703125 0.251953125 0.7109375 0.248046875 0.7109375 0.244140625 0.71484375 0.240234375 0.71484375 0.236328125 0.716796875 0.234375 0.716796875 0.23046875 0.71875 0.228515625 0.71875 0.224609375 0.720703125 0.22265625 0.720703125 0.220703125 0.72265625 0.21875 0.72265625 0.21484375 0.720703125 0.212890625 0.720703125 0.2109375 0.716796875 0.20703125 0.716796875 0.205078125 0.712890625 0.201171875 0.705078125 0.201171875 0.703125 0.19921875
0 0.833984375 0.0 0.833984375 0.00390625 0.83203125 0.005859375 0.83203125 0.009765625 0.830078125 0.01171875 0.833984375 0.015625 0.833984375 0.01171875 0.8359375 0.009765625 0.8359375 0.00390625 0.837890625 0.001953125 0.837890625 0.0
