0 0.37890625 0.525390625 0.376953125 0.52734375 0.375 0.52734375 0.37109375 0.53125 0.375 0.53515625 0.375 0.537109375 0.37890625 0.541015625 0.380859375 0.541015625 0.3828125 0.54296875 0.384765625 0.54296875 0.38671875 0.544921875 0.388671875 0.544921875 0.392578125 0.548828125 0.3984375 0.548828125 0.400390625 0.55078125 0.40625 0.55078125 0.408203125 0.552734375 0.41015625 0.552734375 0.412109375 0.55078125 0.419921875 0.55078125 0.419921875 0.548828125 0.41796875 0.546875 0.416015625 0.546875 0.412109375 0.54296875 0.41015625 0.54296875 0.40625 0.5390625 0.404296875 0.5390625 0.400390625 0.53515625 0.3984375 0.53515625 0.396484375 0.533203125 0.39453125 0.533203125 0.392578125 0.53125 0.390625 0.53125 0.388671875 0.529296875 0.38671875 0.529296875 0.384765625 0.52734375 0.380859375 0.52734375
0 0.1328125 0.39453125 0.130859375 0.396484375 0.12890625 0.396484375 0.126953125 0.3984375 0.126953125 0.40234375 0.12890625 0.40234375 0.1328125 0.40625 0.1328125 0.408203125 0.134765625 0.41015625 0.134765625 0.412109375 0.1328125 0.4140625 0.1328125 0.41796875 0.134765625 0.419921875 0.13671875 0.419921875 0.13671875 0.4140625 0.134765625 0.412109375 0.138671875 0.408203125 0.138671875 0.40625 0.140625 0.404296875 0.140625 0.400390625 0.142578125 0.3984375 0.142578125 0.396484375 0.140625 0.39453125
0 0.57421875 0.298828125 0.5703125 0.302734375 0.568359375 0.302734375 0.56640625 0.3046875 0.5625 0.3046875 0.560546875 0.306640625 0.55859375 0.306640625 0.5546875 0.310546875 0.5546875 0.3125 0.564453125 0.3125 0.56640625 0.310546875 0.568359375 0.310546875 0.5703125 0.30859375 0.57421875 0.30859375 0.578125 0.3046875 0.578125 0.30078125 0.576171875 0.298828125
0 0.919921875 0.19140625 0.916015625 0.1953125 0.916015625 0.197265625 0.91015625 0.203125 0.91015625 0.205078125 0.9140625 0.205078125 0.921875 0.197265625 0.921875 0.1953125 0.923828125 0.193359375 0.923828125 0.19140625
0 0.931640625 0.138671875 0.9296875 0.140625 0.9296875 0.14453125 0.92578125 0.1484375 0.921875 0.1484375 0.921875 0.15234375 0.919921875 0.154296875 0.91796875 0.154296875 0.919921875 0.15625 0.92578125 0.15625 0.9296875 0.15234375 0.93359375 0.15234375 0.93359375 0.1484375 0.931640625 0.1484375 0.9296875 0.146484375 0.9296875 0.142578125 0.931640625 0.140625
0 0.939453125 0.125 0.9375 0.126953125 0.9375 0.1328125 0.939453125 0.1328125 0.94140625 0.134765625 0.9453125 0.134765625 0.947265625 0.1328125 0.947265625 0.126953125 0.9453125 0.125
0 0.916015625 0.109375 0.916015625 0.115234375 0.91796875 0.1171875 0.92578125 0.1171875 0.927734375 0.115234375 0.92578125 0.11328125 0.92578125 0.111328125 0.919921875 0.111328125 0.91796875 0.109375
0 0.904296875 0.078125 0.904296875 0.080078125 0.90234375 0.08203125 0.90234375 0.0859375 0.900390625 0.087890625 0.900390625 0.08984375 0.89453125 0.095703125 0.892578125 0.09375 0.888671875 0.09375 0.88671875 0.095703125 0.88671875 0.103515625 0.888671875 0.10546875 0.888671875 0.107421875 0.892578125 0.111328125 0.892578125 0.11328125 0.89453125 0.115234375 0.90234375 0.115234375 0.90234375 0.111328125 0.904296875 0.109375 0.90625 0.109375 0.90625 0.1015625 0.904296875 0.099609375 0.90234375 0.099609375 0.900390625 0.09765625 0.900390625 0.091796875 0.908203125 0.083984375 0.91015625 0.083984375 0.91015625 0.080078125 0.908203125 0.078125
0 0.861328125 0.06640625 0.859375 0.068359375 0.857421875 0.068359375 0.857421875 0.0703125 0.849609375 0.078125 0.849609375 0.08203125 0.84765625 0.083984375 0.84765625 0.087890625 0.849609375 0.08984375 0.85546875 0.08984375 0.857421875 0.087890625 0.857421875 0.08203125 0.861328125 0.078125 0.865234375 0.078125 0.8671875 0.080078125 0.8671875 0.08203125 0.869140625 0.083984375 0.87109375 0.08203125 0.873046875 0.08203125 0.875 0.083984375 0.875 0.076171875 0.873046875 0.076171875 0.87109375 0.07421875 0.87109375 0.06640625
0 0.9921875 0.052734375 0.990234375 0.0546875 0.990234375 0.056640625 0.98828125 0.05859375 0.98828125 0.064453125 0.986328125 0.06640625 0.986328125 0.068359375 0.984375 0.0703125 0.984375 0.07421875 0.982421875 0.076171875 0.982421875 0.078125 0.986328125 0.08203125 0.986328125 0.080078125 0.990234375 0.076171875 0.990234375 0.0703125 0.9921875 0.068359375 0.9921875 0.064453125 0.994140625 0.0625 0.994140625 0.0546875
0 0.93359375 0.052734375 0.93359375 0.056640625 0.939453125 0.056640625 0.939453125 0.0546875 0.9375 0.052734375
0 0.888671875 0.01953125 0.888671875 0.029296875 0.88671875 0.03125 0.88671875 0.037109375 0.888671875 0.037109375 0.890625 0.0390625 0.892578125 0.0390625 0.89453125 0.037109375 0.89453125 0.03515625 0.896484375 0.033203125 0.896484375 0.03125 0.89453125 0.029296875 0.89453125 0.021484375 0.892578125 0.01953125
