0 0.140625 0.8671875 0.13671875 0.87109375 0.13671875 0.875 0.138671875 0.876953125 0.140625 0.876953125 0.142578125 0.87890625 0.1484375 0.87890625 0.150390625 0.876953125 0.15625 0.876953125 0.15625 0.87109375 0.154296875 0.87109375 0.15234375 0.869140625 0.150390625 0.869140625 0.1484375 0.8671875
0 0.486328125 0.43359375 0.486328125 0.4375 0.48828125 0.439453125 0.48828125 0.44140625 0.5 0.453125 0.501953125 0.453125 0.5078125 0.458984375 0.5078125 0.4609375 0.509765625 0.4609375 0.51171875 0.462890625 0.525390625 0.462890625 0.521484375 0.458984375 0.521484375 0.45703125 0.51953125 0.455078125 0.509765625 0.455078125 0.5078125 0.453125 0.5078125 0.451171875 0.505859375 0.44921875 0.505859375 0.447265625 0.5 0.447265625 0.49609375 0.443359375 0.49609375 0.44140625 0.494140625 0.439453125 0.494140625 0.435546875 0.4921875 0.43359375
0 0.537109375 0.26171875 0.53515625 0.263671875 0.533203125 0.263671875 0.53125 0.265625 0.53125 0.267578125 0.529296875 0.26953125 0.529296875 0.27734375 0.525390625 0.28125 0.529296875 0.28125 0.53125 0.279296875 0.533203125 0.279296875 0.53515625 0.27734375 0.53515625 0.275390625 0.5390625 0.271484375 0.5390625 0.26171875
0 0.22265625 0.21484375 0.220703125 0.216796875 0.21875 0.216796875 0.216796875 0.21875 0.21484375 0.21875 0.21484375 0.224609375 0.216796875 0.224609375 0.21875 0.2265625 0.220703125 0.224609375 0.22265625 0.224609375 0.224609375 0.2265625 0.23828125 0.2265625 0.240234375 0.224609375 0.2421875 0.224609375 0.2421875 0.216796875 0.240234375 0.21484375
0 0.544921875 0.17578125 0.544921875 0.18359375 0.54296875 0.185546875 0.537109375 0.185546875 0.537109375 0.189453125 0.541015625 0.189453125 0.54296875 0.1875 0.544921875 0.1875 0.546875 0.185546875 0.552734375 0.185546875 0.5546875 0.18359375 0.5546875 0.181640625 0.552734375 0.1796875 0.55078125 0.181640625 0.546875 0.177734375 0.546875 0.17578125
0 0.072265625 0.1484375 0.0703125 0.150390625 0.0703125 0.15625 0.076171875 0.15625 0.080078125 0.15234375 0.080078125 0.150390625 0.078125 0.1484375
0 0.5078125 0.123046875 0.505859375 0.125 0.501953125 0.125 0.5 0.126953125 0.5 0.130859375 0.494140625 0.13671875 0.494140625 0.138671875 0.4921875 0.140625 0.4921875 0.142578125 0.48828125 0.146484375 0.486328125 0.146484375 0.484375 0.1484375 0.482421875 0.1484375 0.48046875 0.150390625 0.48046875 0.15234375 0.486328125 0.15234375 0.49609375 0.142578125 0.498046875 0.142578125 0.505859375 0.134765625 0.5078125 0.134765625 0.509765625 0.1328125 0.509765625 0.130859375 0.51171875 0.12890625 0.51171875 0.125 0.513671875 0.123046875
0 0.458984375 0.1015625 0.458984375 0.103515625 0.462890625 0.107421875 0.462890625 0.12109375 0.46875 0.12109375 0.46875 0.1171875 0.466796875 0.115234375 0.466796875 0.107421875 0.46875 0.10546875 0.46875 0.103515625 0.46484375 0.103515625 0.462890625 0.1015625
0 0.51171875 0.083984375 0.5078125 0.087890625 0.505859375 0.0859375 0.50390625 0.0859375 0.501953125 0.087890625 0.501953125 0.091796875 0.5 0.09375 0.494140625 0.09375 0.494140625 0.09765625 0.4921875 0.099609375 0.4921875 0.103515625 0.49609375 0.103515625 0.498046875 0.1015625 0.5 0.1015625 0.5078125 0.09375 0.5078125 0.091796875 0.509765625 0.08984375 0.51171875 0.08984375 0.513671875 0.087890625 0.513671875 0.0859375 0.515625 0.083984375
0 0.6328125 0.0703125 0.6328125 0.07421875 0.63671875 0.078125 0.640625 0.078125 0.640625 0.07421875 0.638671875 0.072265625 0.634765625 0.072265625
0 0.4375 0.06640625 0.4375 0.07421875 0.44140625 0.078125 0.443359375 0.078125 0.4453125 0.080078125 0.4453125 0.08203125 0.447265625 0.083984375 0.447265625 0.087890625 0.453125 0.09375 0.458984375 0.09375 0.458984375 0.08984375 0.45703125 0.08984375 0.453125 0.0859375 0.453125 0.080078125 0.451171875 0.080078125 0.447265625 0.076171875 0.447265625 0.0703125 0.443359375 0.06640625
0 0.181640625 0.025390625 0.177734375 0.029296875 0.16796875 0.029296875 0.166015625 0.03125 0.166015625 0.037109375 0.16796875 0.037109375 0.169921875 0.03515625 0.171875 0.03515625 0.173828125 0.033203125 0.17578125 0.033203125 0.177734375 0.03125 0.189453125 0.03125 0.193359375 0.03515625 0.19921875 0.03515625 0.201171875 0.033203125 0.201171875 0.03125 0.197265625 0.03125 0.1953125 0.029296875 0.189453125 0.029296875 0.185546875 0.025390625
0 0.46484375 0.01171875 0.46484375 0.013671875 0.46875 0.017578125 0.470703125 0.017578125 0.47265625 0.01953125 0.474609375 0.01953125 0.486328125 0.03125 0.486328125 0.03515625 0.48828125 0.037109375 0.48828125 0.046875 0.4921875 0.05078125 0.49609375 0.05078125 0.49609375 0.048828125 0.490234375 0.04296875 0.490234375 0.041015625 0.49609375 0.03515625 0.5078125 0.03515625 0.5078125 0.03125 0.50390625 0.03125 0.501953125 0.033203125 0.498046875 0.033203125 0.49609375 0.03125 0.49609375 0.029296875 0.4921875 0.025390625 0.4921875 0.021484375 0.49609375 0.017578125 0.494140625 0.017578125 0.4921875 0.01953125 0.478515625 0.01953125 0.4765625 0.017578125 0.4765625 0.015625 0.47265625 0.01171875
0 0.15625 0.0 0.15625 0.00390625 0.158203125 0.005859375 0.158203125 0.01171875 0.16015625 0.01171875 0.162109375 0.009765625 0.1640625 0.009765625 0.1640625 0.0078125 0.169921875 0.001953125 0.173828125 0.001953125 0.17578125 0.0
0 0.099609375 0.0 0.095703125 0.00390625 0.09375 0.00390625 0.091796875 0.005859375 0.08984375 0.005859375 0.087890625 0.0078125 0.0859375 0.0078125 0.083984375 0.009765625 0.083984375 0.01171875 0.0859375 0.013671875 0.08984375 0.009765625 0.091796875 0.009765625 0.09375 0.0078125 0.09765625 0.0078125 0.1015625 0.01171875 0.103515625 0.009765625 0.103515625 0.00390625 0.1015625 0.001953125 0.103515625 0.0
