0 0.396484375 0.427734375 0.39453125 0.4296875 0.39453125 0.435546875 0.3984375 0.435546875 0.3984375 0.43359375 0.400390625 0.431640625 0.400390625 0.4296875 0.3984375 0.427734375
0 0.384765625 0.42578125 0.380859375 0.4296875 0.380859375 0.44140625 0.38671875 0.447265625 0.38671875 0.451171875 0.388671875 0.451171875 0.390625 0.44921875 0.390625 0.4453125 0.388671875 0.443359375 0.388671875 0.4296875 0.38671875 0.427734375 0.38671875 0.42578125
0 0.36328125 0.396484375 0.361328125 0.3984375 0.361328125 0.40234375 0.359375 0.404296875 0.359375 0.408203125 0.36328125 0.412109375 0.365234375 0.412109375 0.3671875 0.41015625 0.3671875 0.408203125 0.369140625 0.40625 0.369140625 0.400390625 0.365234375 0.396484375
0 0.4609375 0.39453125 0.458984375 0.396484375 0.458984375 0.400390625 0.4609375 0.40234375 0.46484375 0.40234375 0.466796875 0.400390625 0.466796875 0.3984375 0.46484375 0.396484375 0.46484375 0.39453125
0 0.4765625 0.390625 0.4765625 0.392578125 0.48046875 0.392578125 0.48046875 0.390625
0 0.96484375 0.3515625 0.96484375 0.353515625 0.962890625 0.35546875 0.962890625 0.36328125 0.958984375 0.3671875 0.95703125 0.3671875 0.95703125 0.373046875 0.958984375 0.375 0.96484375 0.375 0.966796875 0.376953125 0.97265625 0.376953125 0.974609375 0.37890625 0.978515625 0.37890625 0.98046875 0.380859375 0.982421875 0.380859375 0.986328125 0.384765625 0.98828125 0.384765625 0.990234375 0.38671875 0.9921875 0.38671875 0.994140625 0.388671875 0.99609375 0.388671875 0.998046875 0.390625 0.998046875 0.37109375 0.990234375 0.37109375 0.98828125 0.373046875 0.9765625 0.373046875 0.97265625 0.369140625 0.97265625 0.3671875 0.974609375 0.365234375 0.974609375 0.359375 0.97265625 0.357421875 0.97265625 0.35546875 0.96875 0.3515625
0 0.435546875 0.310546875 0.43359375 0.3125 0.431640625 0.3125 0.431640625 0.314453125 0.4296875 0.31640625 0.4296875 0.318359375 0.431640625 0.3203125 0.43359375 0.3203125 0.435546875 0.318359375 0.4375 0.318359375 0.439453125 0.31640625 0.439453125 0.310546875
0 0.525390625 0.275390625 0.521484375 0.279296875 0.521484375 0.28125 0.5234375 0.28125 0.52734375 0.27734375
0 0.9296875 0.2578125 0.927734375 0.259765625 0.92578125 0.259765625 0.921875 0.263671875 0.921875 0.265625 0.919921875 0.267578125 0.919921875 0.26953125 0.91796875 0.271484375 0.91796875 0.27734375 0.916015625 0.279296875 0.916015625 0.28125 0.91796875 0.283203125 0.91796875 0.287109375 0.919921875 0.2890625 0.927734375 0.2890625 0.9296875 0.287109375 0.931640625 0.287109375 0.93359375 0.28515625 0.935546875 0.28515625 0.9375 0.283203125 0.943359375 0.283203125 0.947265625 0.279296875 0.947265625 0.27734375 0.94921875 0.275390625 0.94921875 0.2734375 0.953125 0.26953125 0.953125 0.267578125 0.951171875 0.267578125 0.94921875 0.265625 0.9453125 0.265625 0.94140625 0.26171875 0.94140625 0.259765625 0.939453125 0.2578125
0 0.6328125 0.248046875 0.630859375 0.25 0.630859375 0.251953125 0.62890625 0.25390625 0.62890625 0.263671875 0.630859375 0.26171875 0.630859375 0.259765625 0.6328125 0.2578125 0.6328125 0.255859375 0.634765625 0.25390625 0.634765625 0.248046875
0 0.419921875 0.197265625 0.416015625 0.201171875 0.41796875 0.203125 0.41796875 0.208984375 0.421875 0.208984375 0.423828125 0.20703125 0.423828125 0.197265625
0 0.41796875 0.169921875 0.412109375 0.17578125 0.412109375 0.177734375 0.4140625 0.1796875 0.4140625 0.181640625 0.419921875 0.1875 0.421875 0.1875 0.423828125 0.189453125 0.423828125 0.19140625 0.42578125 0.19140625 0.431640625 0.197265625 0.431640625 0.19921875 0.435546875 0.203125 0.435546875 0.205078125 0.4375 0.20703125 0.439453125 0.205078125 0.439453125 0.197265625 0.4375 0.1953125 0.4375 0.193359375 0.43359375 0.189453125 0.43359375 0.18359375 0.431640625 0.181640625 0.431640625 0.1796875 0.4296875 0.177734375 0.4296875 0.173828125 0.42578125 0.169921875
0 0.603515625 0.046875 0.6015625 0.048828125 0.6015625 0.052734375 0.599609375 0.0546875 0.599609375 0.05859375 0.6015625 0.060546875 0.60546875 0.056640625 0.607421875 0.056640625 0.607421875 0.0546875 0.609375 0.052734375 0.609375 0.046875
