0 0.478515625 0.984375 0.4765625 0.986328125 0.47265625 0.986328125 0.46875 0.990234375 0.466796875 0.990234375 0.46484375 0.9921875 0.46484375 0.994140625 0.4609375 0.998046875 0.478515625 0.998046875 0.478515625 0.99609375 0.48046875 0.994140625 0.48046875 0.98828125 0.478515625 0.986328125
0 0.255859375 0.95703125 0.251953125 0.9609375 0.251953125 0.96484375 0.255859375 0.96875 0.255859375 0.966796875 0.2578125 0.96484375 0.2578125 0.9609375 0.259765625 0.958984375 0.2578125 0.95703125
0 0.32421875 0.947265625 0.3203125 0.951171875 0.3203125 0.95703125 0.322265625 0.95703125 0.326171875 0.953125 0.326171875 0.951171875 0.330078125 0.947265625
0 0.0 0.943359375 0.0 0.953125 0.001953125 0.953125 0.00390625 0.951171875 0.005859375 0.951171875 0.00390625 0.94921875 0.00390625 0.947265625
0 0.3203125 0.9375 0.318359375 0.939453125 0.31640625 0.939453125 0.314453125 0.94140625 0.314453125 0.943359375 0.3125 0.9453125 0.314453125 0.947265625 0.31640625 0.947265625 0.32421875 0.939453125 0.32421875 0.9375
0 0.240234375 0.896484375 0.23828125 0.8984375 0.236328125 0.8984375 0.232421875 0.90234375 0.232421875 0.904296875 0.23046875 0.90625 0.23046875 0.908203125 0.228515625 0.91015625 0.228515625 0.912109375 0.23046875 0.9140625 0.23046875 0.916015625 0.232421875 0.91796875 0.234375 0.91796875 0.236328125 0.916015625 0.23828125 0.916015625 0.23828125 0.9140625 0.2421875 0.91015625 0.2421875 0.908203125 0.24609375 0.904296875 0.24609375 0.8984375 0.244140625 0.896484375
0 0.9140625 0.6171875 0.912109375 0.619140625 0.91015625 0.619140625 0.904296875 0.625 0.8984375 0.625 0.896484375 0.626953125 0.890625 0.626953125 0.890625 0.630859375 0.90234375 0.630859375 0.90625 0.626953125 0.908203125 0.626953125 0.91015625 0.625 0.912109375 0.625 0.9140625 0.623046875 0.9140625 0.62109375 0.916015625 0.619140625 0.91796875 0.619140625 0.919921875 0.6171875
0 0.759765625 0.568359375 0.759765625 0.57421875 0.755859375 0.578125 0.75390625 0.578125 0.751953125 0.580078125 0.751953125 0.587890625 0.7578125 0.587890625 0.763671875 0.58203125 0.763671875 0.5703125 0.76171875 0.568359375
0 0.9140625 0.466796875 0.912109375 0.46875 0.91015625 0.46875 0.908203125 0.470703125 0.908203125 0.47265625 0.912109375 0.47265625 0.916015625 0.4765625 0.923828125 0.4765625 0.923828125 0.47265625 0.92578125 0.470703125 0.927734375 0.470703125 0.927734375 0.46875 0.923828125 0.46875 0.921875 0.466796875
0 0.970703125 0.453125 0.96875 0.455078125 0.966796875 0.455078125 0.96484375 0.45703125 0.96484375 0.4609375 0.958984375 0.466796875 0.958984375 0.46875 0.9609375 0.46875 0.96484375 0.46484375 0.966796875 0.46484375 0.966796875 0.462890625 0.97265625 0.45703125 0.97265625 0.453125
0 0.73046875 0.265625 0.728515625 0.267578125 0.72265625 0.267578125 0.720703125 0.26953125 0.71875 0.26953125 0.716796875 0.271484375 0.71484375 0.271484375 0.712890625 0.2734375 0.7109375 0.2734375 0.70703125 0.27734375 0.701171875 0.27734375 0.69921875 0.279296875 0.6953125 0.279296875 0.693359375 0.28125 0.69140625 0.28125 0.689453125 0.283203125 0.6875 0.283203125 0.6875 0.296875 0.70703125 0.296875 0.716796875 0.287109375 0.71875 0.287109375 0.7265625 0.279296875 0.73046875 0.279296875 0.732421875 0.27734375 0.734375 0.27734375 0.736328125 0.275390625 0.740234375 0.275390625 0.7421875 0.2734375 0.74609375 0.2734375 0.748046875 0.271484375 0.748046875 0.26953125 0.744140625 0.265625
0 0.716796875 0.201171875 0.705078125 0.212890625 0.705078125 0.21875 0.703125 0.220703125 0.705078125 0.22265625 0.70703125 0.22265625 0.708984375 0.224609375 0.7109375 0.224609375 0.712890625 0.22265625 0.71484375 0.22265625 0.716796875 0.220703125 0.720703125 0.220703125 0.724609375 0.216796875 0.724609375 0.2109375 0.72265625 0.208984375 0.72265625 0.205078125 0.720703125 0.203125 0.71875 0.203125
0 0.55859375 0.123046875 0.556640625 0.125 0.5546875 0.125 0.552734375 0.126953125 0.55078125 0.126953125 0.548828125 0.12890625 0.5546875 0.134765625 0.5625 0.134765625 0.564453125 0.13671875 0.568359375 0.13671875 0.5703125 0.134765625 0.576171875 0.134765625 0.580078125 0.138671875 0.578125 0.140625 0.576171875 0.140625 0.572265625 0.14453125 0.5703125 0.14453125 0.560546875 0.154296875 0.55859375 0.154296875 0.548828125 0.1640625 0.548828125 0.16796875 0.552734375 0.171875 0.552734375 0.173828125 0.5546875 0.17578125 0.55859375 0.17578125 0.560546875 0.177734375 0.564453125 0.177734375 0.56640625 0.1796875 0.572265625 0.1796875 0.57421875 0.181640625 0.576171875 0.181640625 0.578125 0.18359375 0.58203125 0.18359375 0.583984375 0.185546875 0.58984375 0.185546875 0.591796875 0.18359375 0.59375 0.18359375 0.59375 0.1796875 0.595703125 0.177734375 0.59375 0.17578125 0.59375 0.16796875 0.591796875 0.166015625 0.591796875 0.158203125 0.58984375 0.15625 0.58984375 0.14453125 0.587890625 0.142578125 0.587890625 0.140625 0.5859375 0.138671875 0.587890625 0.13671875 0.591796875 0.13671875 0.591796875 0.12890625 0.587890625 0.125 0.560546875 0.125
0 0.630859375 0.0859375 0.62890625 0.087890625 0.62890625 0.08984375 0.626953125 0.091796875 0.626953125 0.09765625 0.630859375 0.1015625 0.630859375 0.103515625 0.634765625 0.103515625 0.63671875 0.1015625 0.63671875 0.099609375 0.638671875 0.09765625 0.638671875 0.095703125 0.640625 0.09375 0.640625 0.091796875 0.638671875 0.08984375 0.638671875 0.087890625 0.63671875 0.0859375
0 0.63671875 0.0234375 0.634765625 0.025390625 0.6328125 0.025390625 0.630859375 0.02734375 0.62890625 0.02734375 0.626953125 0.029296875 0.625 0.029296875 0.62109375 0.033203125 0.619140625 0.033203125 0.615234375 0.037109375 0.61328125 0.037109375 0.60546875 0.044921875 0.60546875 0.046875 0.603515625 0.048828125 0.603515625 0.05078125 0.6015625 0.052734375 0.6015625 0.0546875 0.60546875 0.05859375 0.607421875 0.05859375 0.609375 0.060546875 0.6171875 0.060546875 0.619140625 0.05859375 0.62109375 0.05859375 0.62890625 0.05078125 0.62890625 0.048828125 0.63671875 0.041015625 0.63671875 0.0390625 0.640625 0.03515625 0.640625 0.02734375
0 0.623046875 0.0 0.619140625 0.00390625 0.615234375 0.00390625 0.61328125 0.001953125 0.61328125 0.00390625 0.611328125 0.005859375 0.611328125 0.0078125 0.61328125 0.009765625 0.615234375 0.009765625 0.6171875 0.01171875 0.623046875 0.01171875 0.625 0.009765625 0.626953125 0.009765625 0.630859375 0.005859375 0.630859375 0.0
