0 0.3046875 0.248046875 0.30078125 0.251953125 0.3046875 0.255859375 0.30859375 0.255859375 0.30859375 0.25390625 0.310546875 0.251953125 0.306640625 0.248046875
0 0.80078125 0.216796875 0.798828125 0.21875 0.798828125 0.22265625 0.80078125 0.22265625
0 0.765625 0.201171875 0.765625 0.20703125 0.76953125 0.2109375 0.76953125 0.23046875 0.7734375 0.23046875 0.775390625 0.228515625 0.775390625 0.2265625 0.771484375 0.22265625 0.7734375 0.220703125 0.7734375 0.216796875 0.775390625 0.21484375 0.775390625 0.2109375 0.7734375 0.208984375 0.7734375 0.20703125 0.76953125 0.203125 0.767578125 0.203125
0 0.748046875 0.201171875 0.74609375 0.203125 0.74609375 0.20703125 0.748046875 0.20703125
0 0.806640625 0.1875 0.8046875 0.189453125 0.8046875 0.19140625 0.802734375 0.193359375 0.798828125 0.193359375 0.798828125 0.201171875 0.80078125 0.201171875 0.802734375 0.203125 0.8046875 0.203125 0.8046875 0.19921875 0.810546875 0.193359375 0.8125 0.193359375 0.8125 0.19140625 0.80859375 0.1875
0 0.8515625 0.1796875 0.849609375 0.181640625 0.849609375 0.18359375 0.84375 0.189453125 0.84375 0.19140625 0.845703125 0.19140625 0.84765625 0.189453125 0.84765625 0.185546875 0.853515625 0.1796875
0 0.779296875 0.158203125 0.77734375 0.16015625 0.77734375 0.1640625 0.779296875 0.166015625 0.779296875 0.169921875 0.78125 0.171875 0.78125 0.17578125 0.779296875 0.177734375 0.779296875 0.1796875 0.77734375 0.181640625 0.77734375 0.185546875 0.779296875 0.1875 0.783203125 0.1875 0.783203125 0.18359375 0.78125 0.181640625 0.78125 0.1796875 0.783203125 0.177734375 0.78515625 0.177734375 0.787109375 0.17578125 0.787109375 0.171875 0.78515625 0.169921875 0.783203125 0.169921875 0.78125 0.16796875 0.783203125 0.166015625 0.78125 0.1640625 0.78125 0.16015625
0 0.673828125 0.15625 0.673828125 0.158203125 0.67578125 0.16015625 0.67578125 0.162109375 0.677734375 0.1640625 0.677734375 0.169921875 0.673828125 0.173828125 0.673828125 0.17578125 0.671875 0.177734375 0.671875 0.1796875 0.66796875 0.18359375 0.66796875 0.189453125 0.669921875 0.189453125 0.677734375 0.181640625 0.681640625 0.181640625 0.68359375 0.1796875 0.68359375 0.177734375 0.681640625 0.17578125 0.677734375 0.17578125 0.67578125 0.173828125 0.67578125 0.171875 0.68359375 0.1640625 0.685546875 0.1640625 0.6875 0.162109375 0.689453125 0.162109375 0.689453125 0.158203125 0.68359375 0.158203125 0.681640625 0.16015625 0.6796875 0.16015625 0.67578125 0.15625
0 0.796875 0.11328125 0.796875 0.12109375 0.794921875 0.123046875 0.791015625 0.123046875 0.7890625 0.12109375 0.787109375 0.123046875 0.787109375 0.125 0.7890625 0.123046875 0.79296875 0.126953125 0.79296875 0.12890625 0.794921875 0.12890625 0.796875 0.126953125 0.796875 0.125 0.798828125 0.123046875 0.798828125 0.12109375 0.80078125 0.119140625 0.80078125 0.115234375 0.798828125 0.11328125
0 0.857421875 0.060546875 0.857421875 0.064453125 0.85546875 0.06640625 0.85546875 0.068359375 0.853515625 0.0703125 0.853515625 0.072265625 0.85546875 0.07421875 0.85546875 0.076171875 0.849609375 0.08203125 0.84765625 0.08203125 0.845703125 0.083984375 0.845703125 0.091796875 0.84765625 0.091796875 0.849609375 0.09375 0.849609375 0.099609375 0.8515625 0.1015625 0.8515625 0.103515625 0.853515625 0.10546875 0.853515625 0.107421875 0.85546875 0.107421875 0.857421875 0.10546875 0.857421875 0.1015625 0.8515625 0.095703125 0.8515625 0.083984375 0.86328125 0.072265625 0.86328125 0.0625 0.861328125 0.060546875
0 0.828125 0.048828125 0.828125 0.05078125 0.82421875 0.0546875 0.822265625 0.052734375 0.818359375 0.052734375 0.81640625 0.05078125 0.814453125 0.052734375 0.814453125 0.05859375 0.8125 0.060546875 0.810546875 0.060546875 0.80859375 0.0625 0.8046875 0.0625 0.802734375 0.064453125 0.802734375 0.06640625 0.8046875 0.064453125 0.806640625 0.064453125 0.80859375 0.06640625 0.80859375 0.0703125 0.810546875 0.0703125 0.8125 0.068359375 0.8125 0.06640625 0.814453125 0.064453125 0.81640625 0.064453125 0.8203125 0.068359375 0.822265625 0.06640625 0.82421875 0.06640625 0.82421875 0.064453125 0.822265625 0.0625 0.82421875 0.060546875 0.828125 0.060546875 0.830078125 0.05859375 0.828125 0.056640625 0.828125 0.0546875 0.830078125 0.052734375 0.833984375 0.052734375 0.833984375 0.05078125 0.83203125 0.048828125
0 0.765625 0.048828125 0.765625 0.05078125 0.763671875 0.052734375 0.763671875 0.056640625 0.765625 0.05859375 0.767578125 0.05859375 0.771484375 0.0546875 0.76953125 0.052734375 0.76953125 0.05078125 0.767578125 0.048828125
0 0.744140625 0.044921875 0.7421875 0.046875 0.7421875 0.0546875 0.740234375 0.056640625 0.7421875 0.056640625 0.744140625 0.0546875
0 0.5 0.044921875 0.498046875 0.046875 0.498046875 0.048828125 0.49609375 0.05078125 0.49609375 0.05859375 0.494140625 0.060546875 0.494140625 0.064453125 0.48828125 0.0703125 0.48828125 0.07421875 0.490234375 0.07421875 0.4921875 0.072265625 0.4921875 0.068359375 0.494140625 0.06640625 0.49609375 0.06640625 0.501953125 0.072265625 0.501953125 0.078125 0.501953125 0.072265625 0.5078125 0.06640625 0.5078125 0.060546875 0.513671875 0.0546875 0.513671875 0.052734375 0.509765625 0.052734375 0.50390625 0.046875 0.50390625 0.044921875
0 0.84765625 0.037109375 0.84765625 0.0390625 0.845703125 0.041015625 0.84375 0.041015625 0.84375 0.044921875 0.849609375 0.044921875 0.853515625 0.041015625 0.853515625 0.037109375
0 0.76171875 0.0 0.755859375 0.005859375 0.755859375 0.0078125 0.75390625 0.009765625 0.75 0.009765625 0.74609375 0.013671875 0.744140625 0.013671875 0.7421875 0.015625 0.736328125 0.015625 0.732421875 0.01171875 0.73046875 0.013671875 0.73046875 0.021484375 0.73828125 0.021484375 0.740234375 0.01953125 0.744140625 0.01953125 0.748046875 0.015625 0.75 0.015625 0.75390625 0.01171875 0.755859375 0.01171875 0.76171875 0.005859375 0.76171875 0.00390625 0.763671875 0.001953125 0.763671875 0.0
0 0.732421875 0.0 0.732421875 0.001953125 0.73046875 0.00390625 0.73046875 0.0078125 0.736328125 0.001953125 0.73828125 0.001953125 0.740234375 0.0 0.74609375 0.0
