0 0.884765625 0.978515625 0.884765625 0.986328125 0.888671875 0.986328125 0.892578125 0.990234375 0.892578125 0.998046875 0.90625 0.998046875 0.908203125 0.99609375 0.91015625 0.99609375 0.912109375 0.994140625 0.912109375 0.990234375 0.91015625 0.98828125 0.91015625 0.986328125 0.908203125 0.986328125 0.90625 0.984375 0.904296875 0.984375 0.90234375 0.986328125 0.8984375 0.986328125 0.89453125 0.982421875 0.89453125 0.98046875 0.892578125 0.98046875 0.890625 0.978515625
0 0.99609375 0.87890625 0.990234375 0.884765625 0.990234375 0.888671875 0.98828125 0.890625 0.98828125 0.896484375 0.986328125 0.8984375 0.986328125 0.90234375 0.984375 0.904296875 0.984375 0.9140625 0.982421875 0.916015625 0.982421875 0.93359375 0.984375 0.93359375 0.986328125 0.935546875 0.99609375 0.935546875 0.998046875 0.93359375 0.998046875 0.87890625
0 0.70703125 0.6171875 0.705078125 0.619140625 0.705078125 0.62109375 0.703125 0.623046875 0.703125 0.625 0.697265625 0.630859375 0.6953125 0.630859375 0.693359375 0.6328125 0.693359375 0.63671875 0.697265625 0.63671875 0.697265625 0.634765625 0.69921875 0.6328125 0.69921875 0.630859375 0.705078125 0.625 0.705078125 0.623046875 0.70703125 0.62109375
0 0.693359375 0.607421875 0.693359375 0.609375 0.69140625 0.611328125 0.69140625 0.619140625 0.685546875 0.625 0.685546875 0.62890625 0.6875 0.630859375 0.689453125 0.630859375 0.689453125 0.623046875 0.693359375 0.619140625 0.693359375 0.615234375 0.697265625 0.611328125 0.697265625 0.609375 0.6953125 0.609375
0 0.75 0.6015625 0.748046875 0.603515625 0.748046875 0.607421875 0.75 0.609375 0.75 0.611328125 0.751953125 0.61328125 0.751953125 0.623046875 0.75 0.625 0.75 0.6328125 0.751953125 0.634765625 0.751953125 0.63671875 0.75390625 0.638671875 0.755859375 0.638671875 0.755859375 0.6328125 0.75390625 0.630859375 0.75390625 0.626953125 0.755859375 0.625 0.755859375 0.6171875 0.75390625 0.615234375 0.75390625 0.61328125 0.755859375 0.611328125 0.755859375 0.603515625 0.75390625 0.6015625
0 0.708984375 0.5859375 0.70703125 0.587890625 0.70703125 0.59765625 0.708984375 0.595703125 0.708984375 0.591796875 0.712890625 0.587890625 0.7109375 0.5859375
0 0.736328125 0.53125 0.736328125 0.544921875 0.728515625 0.552734375 0.732421875 0.552734375 0.732421875 0.55078125 0.734375 0.548828125 0.740234375 0.548828125 0.7421875 0.546875 0.7421875 0.5390625 0.740234375 0.5390625 0.73828125 0.537109375 0.73828125 0.53125
0 0.80078125 0.404296875 0.80078125 0.41015625 0.802734375 0.412109375 0.8046875 0.412109375 0.806640625 0.4140625 0.80859375 0.4140625 0.810546875 0.416015625 0.810546875 0.427734375 0.8125 0.4296875 0.818359375 0.4296875 0.8203125 0.427734375 0.8203125 0.421875 0.822265625 0.419921875 0.82421875 0.419921875 0.82421875 0.416015625 0.822265625 0.4140625 0.822265625 0.412109375 0.82421875 0.41015625 0.82421875 0.408203125 0.8203125 0.404296875 0.8125 0.404296875 0.810546875 0.40625 0.806640625 0.40625 0.8046875 0.404296875
0 0.009765625 0.357421875 0.005859375 0.361328125 0.005859375 0.365234375 0.001953125 0.369140625 0.0 0.369140625 0.0 0.390625 0.0078125 0.3984375 0.013671875 0.3984375 0.015625 0.400390625 0.017578125 0.400390625 0.01953125 0.3984375 0.021484375 0.3984375 0.0234375 0.396484375 0.0234375 0.384765625 0.025390625 0.3828125 0.025390625 0.380859375 0.0234375 0.37890625 0.0234375 0.376953125 0.01953125 0.373046875 0.01953125 0.36328125 0.017578125 0.361328125 0.017578125 0.359375 0.015625 0.359375 0.013671875 0.357421875
0 0.671875 0.216796875 0.66796875 0.220703125 0.66796875 0.234375 0.671875 0.234375 0.671875 0.228515625 0.669921875 0.2265625 0.671875 0.224609375 0.671875 0.22265625 0.67578125 0.21875 0.67578125 0.216796875
0 0.279296875 0.16015625 0.279296875 0.166015625 0.27734375 0.16796875 0.27734375 0.1875 0.275390625 0.189453125 0.275390625 0.197265625 0.279296875 0.201171875 0.28125 0.201171875 0.283203125 0.203125 0.28515625 0.203125 0.291015625 0.197265625 0.291015625 0.193359375 0.29296875 0.19140625 0.29296875 0.185546875 0.294921875 0.18359375 0.294921875 0.16796875 0.2890625 0.162109375 0.28515625 0.162109375 0.283203125 0.16015625
