0 0.228515625 0.92578125 0.2265625 0.927734375 0.220703125 0.927734375 0.21875 0.9296875 0.21484375 0.9296875 0.212890625 0.931640625 0.212890625 0.93359375 0.2109375 0.935546875 0.212890625 0.9375 0.212890625 0.939453125 0.21484375 0.94140625 0.216796875 0.94140625 0.21875 0.939453125 0.220703125 0.939453125 0.22265625 0.9375 0.224609375 0.9375 0.2265625 0.935546875 0.228515625 0.935546875 0.23046875 0.93359375 0.23046875 0.931640625 0.232421875 0.9296875 0.23046875 0.927734375 0.23046875 0.92578125
0 0.228515625 0.75 0.2265625 0.751953125 0.228515625 0.75390625 0.228515625 0.755859375 0.23046875 0.755859375 0.232421875 0.7578125 0.236328125 0.7578125 0.23828125 0.759765625 0.2421875 0.759765625 0.244140625 0.7578125 0.24609375 0.7578125 0.24609375 0.755859375 0.240234375 0.75
0 0.083984375 0.484375 0.08203125 0.486328125 0.08203125 0.490234375 0.083984375 0.4921875 0.083984375 0.49609375 0.08984375 0.501953125 0.095703125 0.501953125 0.09765625 0.5 0.099609375 0.5 0.099609375 0.498046875 0.1015625 0.49609375 0.1015625 0.494140625 0.099609375 0.4921875 0.099609375 0.490234375 0.095703125 0.486328125 0.091796875 0.486328125 0.08984375 0.484375
0 0.994140625 0.48046875 0.9921875 0.482421875 0.990234375 0.482421875 0.990234375 0.484375 0.98828125 0.486328125 0.98828125 0.4921875 0.990234375 0.494140625 0.990234375 0.498046875 0.99609375 0.50390625 0.998046875 0.50390625 0.998046875 0.48828125 0.99609375 0.486328125 0.99609375 0.482421875
0 0.521484375 0.451171875 0.517578125 0.455078125 0.517578125 0.45703125 0.51953125 0.458984375 0.525390625 0.458984375 0.52734375 0.45703125 0.52734375 0.453125 0.525390625 0.451171875
0 0.451171875 0.38671875 0.451171875 0.388671875 0.44921875 0.390625 0.451171875 0.392578125 0.451171875 0.400390625 0.455078125 0.400390625 0.458984375 0.396484375 0.458984375 0.392578125 0.4609375 0.390625 0.4609375 0.388671875 0.458984375 0.38671875
0 0.3125 0.3671875 0.310546875 0.369140625 0.3046875 0.369140625 0.3046875 0.37109375 0.318359375 0.384765625 0.322265625 0.384765625 0.32421875 0.38671875 0.33203125 0.38671875 0.333984375 0.384765625 0.3359375 0.384765625 0.337890625 0.3828125 0.33984375 0.3828125 0.33984375 0.376953125 0.322265625 0.376953125 0.3203125 0.375 0.3203125 0.369140625 0.314453125 0.369140625
0 0.60546875 0.34375 0.603515625 0.345703125 0.603515625 0.349609375 0.60546875 0.349609375 0.607421875 0.3515625 0.609375 0.3515625 0.611328125 0.349609375 0.611328125 0.34765625 0.609375 0.345703125 0.607421875 0.345703125
0 0.31640625 0.328125 0.314453125 0.330078125 0.3125 0.330078125 0.310546875 0.33203125 0.310546875 0.337890625 0.314453125 0.337890625 0.31640625 0.3359375 0.318359375 0.3359375 0.3203125 0.333984375 0.3203125 0.330078125 0.318359375 0.328125
0 0.59765625 0.322265625 0.59765625 0.33203125 0.6015625 0.3359375 0.603515625 0.333984375 0.603515625 0.330078125 0.599609375 0.326171875 0.599609375 0.322265625
0 0.33984375 0.30859375 0.33984375 0.31640625 0.341796875 0.318359375 0.341796875 0.32421875 0.34375 0.326171875 0.34375 0.330078125 0.345703125 0.33203125 0.345703125 0.333984375 0.34765625 0.3359375 0.349609375 0.3359375 0.3515625 0.333984375 0.353515625 0.333984375 0.35546875 0.33203125 0.35546875 0.32421875 0.353515625 0.322265625 0.353515625 0.318359375 0.345703125 0.310546875 0.34375 0.310546875 0.341796875 0.30859375
0 0.478515625 0.271484375 0.47265625 0.27734375 0.47265625 0.28125 0.470703125 0.283203125 0.470703125 0.2890625 0.46875 0.291015625 0.46875 0.296875 0.470703125 0.298828125 0.470703125 0.302734375 0.47265625 0.3046875 0.47265625 0.306640625 0.48046875 0.314453125 0.482421875 0.314453125 0.484375 0.31640625 0.48828125 0.31640625 0.4921875 0.3125 0.4921875 0.306640625 0.490234375 0.3046875 0.490234375 0.302734375 0.486328125 0.298828125 0.486328125 0.287109375 0.4921875 0.28125 0.4921875 0.279296875 0.494140625 0.27734375 0.4921875 0.275390625 0.4921875 0.2734375 0.490234375 0.271484375
0 0.505859375 0.150390625 0.505859375 0.154296875 0.51171875 0.16015625 0.51171875 0.16796875 0.51171875 0.166015625 0.517578125 0.16015625 0.529296875 0.16015625 0.529296875 0.158203125 0.52734375 0.15625 0.521484375 0.15625 0.517578125 0.15234375 0.515625 0.15234375 0.513671875 0.150390625
0 0.59765625 0.138671875 0.595703125 0.140625 0.59375 0.140625 0.591796875 0.142578125 0.583984375 0.142578125 0.58203125 0.140625 0.568359375 0.140625 0.568359375 0.146484375 0.580078125 0.146484375 0.583984375 0.150390625 0.583984375 0.158203125 0.578125 0.1640625 0.576171875 0.1640625 0.57421875 0.166015625 0.57421875 0.16796875 0.572265625 0.169921875 0.572265625 0.17578125 0.5703125 0.177734375 0.572265625 0.1796875 0.572265625 0.181640625 0.57421875 0.18359375 0.583984375 0.18359375 0.5859375 0.181640625 0.587890625 0.181640625 0.591796875 0.177734375 0.591796875 0.17578125 0.59375 0.173828125 0.59375 0.15625 0.59765625 0.15234375 0.59765625 0.150390625 0.599609375 0.1484375 0.599609375 0.14453125 0.6015625 0.142578125 0.6015625 0.138671875
0 0.681640625 0.12109375 0.685546875 0.125 0.685546875 0.126953125 0.6875 0.12890625 0.6875 0.130859375 0.689453125 0.1328125 0.69140625 0.1328125 0.6953125 0.13671875 0.6953125 0.138671875 0.697265625 0.140625 0.697265625 0.14453125 0.69921875 0.146484375 0.69921875 0.1484375 0.703125 0.1484375 0.703125 0.146484375 0.705078125 0.14453125 0.705078125 0.142578125 0.70703125 0.140625 0.70703125 0.134765625 0.705078125 0.1328125 0.705078125 0.130859375 0.69921875 0.125 0.697265625 0.125 0.6953125 0.123046875 0.693359375 0.123046875 0.69140625 0.12109375
0 0.646484375 0.1015625 0.64453125 0.103515625 0.64453125 0.109375 0.65234375 0.109375 0.658203125 0.115234375 0.658203125 0.1171875 0.66015625 0.119140625 0.662109375 0.119140625 0.6640625 0.12109375 0.66796875 0.12109375 0.669921875 0.119140625 0.677734375 0.119140625 0.673828125 0.119140625 0.671875 0.1171875 0.669921875 0.1171875 0.66796875 0.115234375 0.666015625 0.115234375 0.6640625 0.11328125 0.662109375 0.11328125 0.658203125 0.109375 0.658203125 0.107421875 0.65234375 0.1015625
0 0.5703125 0.099609375 0.5703125 0.1015625 0.568359375 0.103515625 0.568359375 0.107421875 0.57421875 0.11328125 0.576171875 0.11328125 0.578125 0.115234375 0.580078125 0.115234375 0.5859375 0.12109375 0.58984375 0.12109375 0.58984375 0.1171875 0.587890625 0.115234375 0.587890625 0.111328125 0.576171875 0.099609375
0 0.619140625 0.0 0.6171875 0.001953125 0.6171875 0.005859375 0.62109375 0.005859375 0.623046875 0.00390625 0.623046875 0.0
