0 0.396484375 0.927734375 0.39453125 0.9296875 0.39453125 0.935546875 0.3984375 0.935546875 0.3984375 0.93359375 0.400390625 0.931640625 0.400390625 0.9296875 0.3984375 0.927734375
0 0.384765625 0.92578125 0.380859375 0.9296875 0.380859375 0.94140625 0.38671875 0.947265625 0.38671875 0.951171875 0.388671875 0.951171875 0.390625 0.94921875 0.390625 0.9453125 0.388671875 0.943359375 0.388671875 0.9296875 0.38671875 0.927734375 0.38671875 0.92578125
0 0.36328125 0.896484375 0.361328125 0.8984375 0.361328125 0.90234375 0.359375 0.904296875 0.359375 0.908203125 0.36328125 0.912109375 0.365234375 0.912109375 0.3671875 0.91015625 0.3671875 0.908203125 0.369140625 0.90625 0.369140625 0.900390625 0.365234375 0.896484375
0 0.4609375 0.89453125 0.458984375 0.896484375 0.458984375 0.900390625 0.4609375 0.90234375 0.46484375 0.90234375 0.466796875 0.900390625 0.466796875 0.8984375 0.46484375 0.896484375 0.46484375 0.89453125
0 0.4765625 0.890625 0.4765625 0.892578125 0.48046875 0.892578125 0.48046875 0.890625
0 0.96484375 0.8515625 0.96484375 0.853515625 0.962890625 0.85546875 0.962890625 0.86328125 0.958984375 0.8671875 0.95703125 0.8671875 0.95703125 0.873046875 0.958984375 0.875 0.96484375 0.875 0.966796875 0.876953125 0.97265625 0.876953125 0.974609375 0.87890625 0.978515625 0.87890625 0.98046875 0.880859375 0.982421875 0.880859375 0.986328125 0.884765625 0.98828125 0.884765625 0.990234375 0.88671875 0.9921875 0.88671875 0.994140625 0.888671875 0.99609375 0.888671875 0.998046875 0.890625 0.998046875 0.87109375 0.990234375 0.87109375 0.98828125 0.873046875 0.9765625 0.873046875 0.97265625 0.869140625 0.97265625 0.8671875 0.974609375 0.865234375 0.974609375 0.859375 0.97265625 0.857421875 0.97265625 0.85546875 0.96875 0.8515625
0 0.435546875 0.810546875 0.43359375 0.8125 0.431640625 0.8125 0.431640625 0.814453125 0.4296875 0.81640625 0.4296875 0.818359375 0.431640625 0.8203125 0.43359375 0.8203125 0.435546875 0.818359375 0.4375 0.818359375 0.439453125 0.81640625 0.439453125 0.810546875
0 0.525390625 0.775390625 0.521484375 0.779296875 0.521484375 0.78125 0.5234375 0.78125 0.52734375 0.77734375
0 0.9296875 0.7578125 0.927734375 0.759765625 0.92578125 0.759765625 0.921875 0.763671875 0.921875 0.765625 0.919921875 0.767578125 0.919921875 0.76953125 0.91796875 0.771484375 0.91796875 0.77734375 0.916015625 0.779296875 0.916015625 0.78125 0.91796875 0.783203125 0.91796875 0.787109375 0.919921875 0.7890625 0.927734375 0.7890625 0.9296875 0.787109375 0.931640625 0.787109375 0.93359375 0.78515625 0.935546875 0.78515625 0.9375 0.783203125 0.943359375 0.783203125 0.947265625 0.779296875 0.947265625 0.77734375 0.94921875 0.775390625 0.94921875 0.7734375 0.953125 0.76953125 0.953125 0.767578125 0.951171875 0.767578125 0.94921875 0.765625 0.9453125 0.765625 0.94140625 0.76171875 0.94140625 0.759765625 0.939453125 0.7578125
0 0.6328125 0.748046875 0.630859375 0.75 0.630859375 0.751953125 0.62890625 0.75390625 0.62890625 0.763671875 0.630859375 0.76171875 0.630859375 0.759765625 0.6328125 0.7578125 0.6328125 0.755859375 0.634765625 0.75390625 0.634765625 0.748046875
0 0.419921875 0.697265625 0.416015625 0.701171875 0.41796875 0.703125 0.41796875 0.708984375 0.421875 0.708984375 0.423828125 0.70703125 0.423828125 0.697265625
0 0.41796875 0.669921875 0.412109375 0.67578125 0.412109375 0.677734375 0.4140625 0.6796875 0.4140625 0.681640625 0.419921875 0.6875 0.421875 0.6875 0.423828125 0.689453125 0.423828125 0.69140625 0.42578125 0.69140625 0.431640625 0.697265625 0.431640625 0.69921875 0.435546875 0.703125 0.435546875 0.705078125 0.4375 0.70703125 0.439453125 0.705078125 0.439453125 0.697265625 0.4375 0.6953125 0.4375 0.693359375 0.43359375 0.689453125 0.43359375 0.68359375 0.431640625 0.681640625 0.431640625 0.6796875 0.4296875 0.677734375 0.4296875 0.673828125 0.42578125 0.669921875
0 0.603515625 0.546875 0.6015625 0.548828125 0.6015625 0.552734375 0.599609375 0.5546875 0.599609375 0.55859375 0.6015625 0.560546875 0.60546875 0.556640625 0.607421875 0.556640625 0.607421875 0.5546875 0.609375 0.552734375 0.609375 0.546875
0 0.490234375 0.232421875 0.48828125 0.234375 0.486328125 0.234375 0.482421875 0.23828125 0.482421875 0.2421875 0.484375 0.2421875 0.486328125 0.240234375 0.48828125 0.240234375 0.48828125 0.23828125 0.4921875 0.234375 0.4921875 0.232421875
0 0.5 0.23046875 0.5 0.240234375 0.50390625 0.240234375 0.505859375 0.23828125 0.505859375 0.236328125 0.50390625 0.234375 0.50390625 0.23046875
0 0.701171875 0.166015625 0.69921875 0.16796875 0.697265625 0.16796875 0.697265625 0.171875 0.6953125 0.173828125 0.6953125 0.177734375 0.697265625 0.1796875 0.701171875 0.1796875 0.703125 0.181640625 0.703125 0.193359375 0.70703125 0.197265625 0.72265625 0.197265625 0.724609375 0.1953125 0.724609375 0.189453125 0.72265625 0.1875 0.71875 0.1875 0.716796875 0.189453125 0.712890625 0.189453125 0.708984375 0.185546875 0.708984375 0.1796875 0.712890625 0.17578125 0.712890625 0.173828125 0.7109375 0.171875 0.7109375 0.169921875 0.708984375 0.16796875 0.70703125 0.16796875 0.705078125 0.166015625
