0 0.025390625 0.873046875 0.0234375 0.875 0.0234375 0.876953125 0.021484375 0.87890625 0.021484375 0.880859375 0.025390625 0.876953125
0 0.03125 0.837890625 0.02734375 0.841796875 0.02734375 0.84765625 0.029296875 0.849609375 0.03125 0.849609375 0.033203125 0.84765625 0.033203125 0.837890625
0 0.046875 0.751953125 0.044921875 0.75390625 0.044921875 0.7578125 0.048828125 0.7578125 0.05078125 0.755859375 0.05078125 0.751953125
0 0.001953125 0.71875 0.0 0.720703125 0.0 0.72265625 0.00390625 0.72265625 0.005859375 0.724609375 0.005859375 0.73046875 0.00390625 0.732421875 0.00390625 0.734375 0.001953125 0.736328125 0.00390625 0.73828125 0.005859375 0.73828125 0.0078125 0.736328125 0.009765625 0.736328125 0.01171875 0.734375 0.013671875 0.734375 0.017578125 0.73046875 0.01953125 0.73046875 0.025390625 0.724609375 0.025390625 0.72265625 0.0234375 0.720703125 0.017578125 0.720703125 0.015625 0.71875
0 0.001953125 0.6875 0.001953125 0.69140625 0.00390625 0.693359375 0.0078125 0.693359375 0.009765625 0.6953125 0.013671875 0.6953125 0.015625 0.697265625 0.0234375 0.697265625 0.0234375 0.69140625 0.021484375 0.689453125 0.015625 0.689453125 0.013671875 0.69140625 0.01171875 0.69140625 0.0078125 0.6875
0 0.013671875 0.666015625 0.01171875 0.66796875 0.001953125 0.66796875 0.001953125 0.669921875 0.0 0.671875 0.0 0.68359375 0.00390625 0.68359375 0.005859375 0.681640625 0.0078125 0.681640625 0.0078125 0.6796875 0.01171875 0.67578125 0.017578125 0.67578125 0.017578125 0.673828125 0.021484375 0.669921875 0.02734375 0.669921875 0.02734375 0.666015625
0 0.0078125 0.6328125 0.005859375 0.634765625 0.005859375 0.640625 0.015625 0.640625 0.017578125 0.642578125 0.017578125 0.64453125 0.009765625 0.65234375 0.009765625 0.658203125 0.01171875 0.66015625 0.017578125 0.66015625 0.017578125 0.65625 0.013671875 0.65234375 0.013671875 0.650390625 0.015625 0.6484375 0.017578125 0.6484375 0.01953125 0.646484375 0.021484375 0.6484375 0.0234375 0.646484375 0.021484375 0.64453125 0.021484375 0.640625 0.0234375 0.638671875 0.025390625 0.638671875 0.02734375 0.63671875 0.0234375 0.6328125
0 0.064453125 0.619140625 0.064453125 0.62109375 0.0625 0.623046875 0.06640625 0.626953125 0.068359375 0.626953125 0.0703125 0.625 0.0703125 0.62109375 0.06640625 0.62109375
0 0.16796875 0.57421875 0.16796875 0.576171875 0.166015625 0.578125 0.1640625 0.578125 0.162109375 0.580078125 0.162109375 0.587890625 0.166015625 0.591796875 0.171875 0.591796875 0.173828125 0.58984375 0.173828125 0.58203125 0.169921875 0.578125 0.169921875 0.576171875
0 0.19140625 0.5703125 0.19140625 0.576171875 0.193359375 0.578125 0.193359375 0.58203125 0.189453125 0.5859375 0.189453125 0.587890625 0.1875 0.58984375 0.189453125 0.591796875 0.19140625 0.591796875 0.1953125 0.595703125 0.197265625 0.59375 0.197265625 0.5859375 0.1953125 0.583984375 0.1953125 0.580078125 0.197265625 0.578125 0.19140625 0.572265625
0 0.017578125 0.544921875 0.015625 0.546875 0.01171875 0.546875 0.009765625 0.548828125 0.009765625 0.55078125 0.005859375 0.5546875 0.0 0.5546875 0.0 0.56640625 0.001953125 0.568359375 0.001953125 0.5703125 0.00390625 0.572265625 0.005859375 0.572265625 0.0078125 0.57421875 0.01171875 0.57421875 0.013671875 0.576171875 0.013671875 0.58203125 0.015625 0.58203125 0.017578125 0.583984375 0.01953125 0.583984375 0.01953125 0.578125 0.021484375 0.576171875 0.021484375 0.57421875 0.0234375 0.572265625 0.025390625 0.572265625 0.025390625 0.5703125 0.02734375 0.568359375 0.02734375 0.556640625 0.0234375 0.552734375 0.0234375 0.55078125 0.021484375 0.548828125 0.021484375 0.544921875
0 0.107421875 0.541015625 0.10546875 0.54296875 0.10546875 0.548828125 0.103515625 0.55078125 0.1015625 0.55078125 0.1015625 0.5546875 0.103515625 0.556640625 0.103515625 0.560546875 0.099609375 0.564453125 0.087890625 0.564453125 0.0859375 0.5625 0.0859375 0.560546875 0.083984375 0.55859375 0.083984375 0.556640625 0.08203125 0.5546875 0.08203125 0.55078125 0.083984375 0.548828125 0.080078125 0.544921875 0.078125 0.544921875 0.076171875 0.546875 0.076171875 0.548828125 0.078125 0.55078125 0.078125 0.552734375 0.080078125 0.5546875 0.080078125 0.560546875 0.078125 0.5625 0.072265625 0.5625 0.0703125 0.564453125 0.0625 0.564453125 0.060546875 0.56640625 0.060546875 0.568359375 0.056640625 0.572265625 0.052734375 0.572265625 0.05078125 0.57421875 0.048828125 0.57421875 0.046875 0.576171875 0.046875 0.580078125 0.044921875 0.58203125 0.044921875 0.58984375 0.046875 0.591796875 0.05078125 0.591796875 0.05078125 0.58984375 0.056640625 0.583984375 0.05859375 0.583984375 0.060546875 0.5859375 0.0625 0.5859375 0.06640625 0.58984375 0.068359375 0.58984375 0.0703125 0.591796875 0.076171875 0.5859375 0.078125 0.587890625 0.08984375 0.587890625 0.091796875 0.5859375 0.09375 0.5859375 0.095703125 0.583984375 0.099609375 0.583984375 0.1015625 0.58203125 0.103515625 0.58203125 0.111328125 0.57421875 0.111328125 0.5703125 0.11328125 0.568359375 0.11328125 0.56640625 0.1171875 0.5625 0.1171875 0.560546875 0.119140625 0.55859375 0.119140625 0.552734375 0.1171875 0.55078125 0.1171875 0.548828125 0.115234375 0.546875 0.115234375 0.544921875 0.11328125 0.54296875 0.111328125 0.54296875 0.109375 0.541015625
0 0.03125 0.5078125 0.03125 0.51171875 0.033203125 0.513671875 0.033203125 0.515625 0.03515625 0.515625 0.0390625 0.51171875 0.0390625 0.509765625 0.037109375 0.5078125
0 0.998046875 0.189453125 0.99609375 0.19140625 0.994140625 0.19140625 0.9921875 0.193359375 0.990234375 0.193359375 0.986328125 0.197265625 0.984375 0.197265625 0.984375 0.208984375 0.986328125 0.2109375 0.986328125 0.212890625 0.994140625 0.212890625 0.99609375 0.2109375 0.998046875 0.2109375
0 0.80078125 0.072265625 0.80078125 0.07421875 0.798828125 0.076171875 0.798828125 0.0859375 0.80078125 0.087890625 0.80078125 0.091796875 0.8046875 0.087890625 0.8046875 0.08203125 0.802734375 0.080078125 0.8046875 0.078125 0.8046875 0.07421875 0.802734375 0.072265625
0 0.150390625 0.037109375 0.1484375 0.0390625 0.146484375 0.0390625 0.14453125 0.041015625 0.142578125 0.041015625 0.140625 0.04296875 0.140625 0.046875 0.138671875 0.048828125 0.1328125 0.048828125 0.130859375 0.05078125 0.12890625 0.05078125 0.12890625 0.0546875 0.126953125 0.056640625 0.125 0.0546875 0.125 0.05859375 0.126953125 0.060546875 0.130859375 0.060546875 0.134765625 0.056640625 0.13671875 0.056640625 0.138671875 0.0546875 0.138671875 0.052734375 0.142578125 0.048828125 0.14453125 0.048828125 0.1484375 0.044921875 0.158203125 0.044921875 0.16015625 0.04296875 0.16015625 0.0390625 0.158203125 0.037109375
