0 0.501953125 0.94140625 0.5 0.943359375 0.498046875 0.943359375 0.498046875 0.947265625 0.5 0.94921875 0.5 0.951171875 0.501953125 0.953125 0.501953125 0.95703125 0.5 0.958984375 0.501953125 0.9609375 0.501953125 0.962890625 0.5078125 0.962890625 0.5078125 0.9609375 0.509765625 0.958984375 0.509765625 0.955078125 0.5078125 0.953125 0.5078125 0.9453125 0.505859375 0.943359375 0.505859375 0.94140625
0 0.466796875 0.8828125 0.466796875 0.896484375 0.46875 0.896484375 0.46875 0.892578125 0.470703125 0.890625 0.46875 0.888671875 0.46875 0.8828125
0 0.71484375 0.748046875 0.712890625 0.75 0.7109375 0.75 0.712890625 0.75 0.724609375 0.76171875 0.7265625 0.76171875 0.73046875 0.765625 0.732421875 0.765625 0.734375 0.767578125 0.736328125 0.767578125 0.73828125 0.76953125 0.74609375 0.76953125 0.748046875 0.767578125 0.748046875 0.763671875 0.75 0.76171875 0.75 0.759765625 0.74609375 0.755859375 0.744140625 0.755859375 0.7421875 0.75390625 0.736328125 0.75390625 0.734375 0.751953125 0.728515625 0.751953125 0.7265625 0.75 0.72265625 0.75 0.720703125 0.748046875
0 0.462890625 0.693359375 0.4609375 0.6953125 0.45703125 0.6953125 0.455078125 0.697265625 0.453125 0.697265625 0.451171875 0.69921875 0.44921875 0.69921875 0.447265625 0.701171875 0.4453125 0.701171875 0.44140625 0.705078125 0.439453125 0.705078125 0.435546875 0.708984375 0.43359375 0.708984375 0.43359375 0.71484375 0.431640625 0.716796875 0.4375 0.716796875 0.451171875 0.703125 0.455078125 0.703125 0.45703125 0.701171875 0.46484375 0.701171875 0.466796875 0.69921875 0.466796875 0.697265625
0 0.470703125 0.6328125 0.470703125 0.634765625 0.46484375 0.640625 0.46484375 0.642578125 0.462890625 0.64453125 0.466796875 0.6484375 0.46875 0.646484375 0.470703125 0.646484375 0.474609375 0.642578125 0.474609375 0.63671875 0.4765625 0.634765625 0.47265625 0.634765625
0 0.333984375 0.53125 0.326171875 0.5390625 0.32421875 0.5390625 0.31640625 0.546875 0.31640625 0.548828125 0.318359375 0.55078125 0.322265625 0.55078125 0.326171875 0.546875 0.337890625 0.546875 0.345703125 0.5390625 0.345703125 0.53515625 0.341796875 0.53125
0 0.359375 0.494140625 0.35546875 0.498046875 0.35546875 0.509765625 0.353515625 0.51171875 0.353515625 0.515625 0.35546875 0.517578125 0.35546875 0.5234375 0.357421875 0.525390625 0.357421875 0.52734375 0.35546875 0.529296875 0.35546875 0.53515625 0.357421875 0.537109375 0.357421875 0.5390625 0.359375 0.541015625 0.36328125 0.541015625 0.365234375 0.5390625 0.3671875 0.5390625 0.37109375 0.53515625 0.369140625 0.533203125 0.369140625 0.521484375 0.3671875 0.51953125 0.3671875 0.515625 0.365234375 0.513671875 0.365234375 0.494140625
0 0.755859375 0.4765625 0.75390625 0.478515625 0.75 0.478515625 0.748046875 0.48046875 0.748046875 0.486328125 0.751953125 0.486328125 0.75390625 0.48828125 0.771484375 0.48828125 0.7734375 0.490234375 0.775390625 0.490234375 0.77734375 0.48828125 0.77734375 0.4765625
0 0.140625 0.25390625 0.140625 0.255859375 0.138671875 0.2578125 0.138671875 0.26171875 0.13671875 0.263671875 0.13671875 0.27734375 0.138671875 0.279296875 0.14453125 0.279296875 0.146484375 0.27734375 0.1484375 0.27734375 0.1484375 0.26953125 0.146484375 0.267578125 0.146484375 0.259765625 0.14453125 0.2578125 0.14453125 0.255859375 0.142578125 0.255859375
0 0.673828125 0.19921875 0.67578125 0.201171875 0.677734375 0.201171875 0.68359375 0.20703125 0.685546875 0.20703125 0.685546875 0.203125 0.68359375 0.201171875 0.681640625 0.201171875 0.6796875 0.19921875
0 0.685546875 0.18359375 0.68359375 0.185546875 0.681640625 0.185546875 0.6796875 0.1875 0.6796875 0.193359375 0.681640625 0.1953125 0.68359375 0.193359375 0.689453125 0.193359375 0.69140625 0.19140625 0.693359375 0.19140625 0.6953125 0.189453125 0.6953125 0.185546875 0.693359375 0.18359375
0 0.685546875 0.169921875 0.68359375 0.171875 0.681640625 0.171875 0.6796875 0.173828125 0.677734375 0.173828125 0.673828125 0.177734375 0.673828125 0.1796875 0.681640625 0.1796875 0.68359375 0.177734375 0.685546875 0.177734375 0.6875 0.17578125 0.6875 0.171875
0 0.681640625 0.15625 0.6796875 0.158203125 0.677734375 0.158203125 0.67578125 0.16015625 0.673828125 0.16015625 0.67578125 0.162109375 0.681640625 0.162109375 0.685546875 0.158203125 0.68359375 0.15625
0 0.6328125 0.1015625 0.625 0.109375 0.625 0.111328125 0.623046875 0.11328125 0.623046875 0.115234375 0.619140625 0.119140625 0.619140625 0.12109375 0.6171875 0.123046875 0.619140625 0.123046875 0.62109375 0.12109375 0.634765625 0.12109375 0.634765625 0.119140625 0.63671875 0.1171875 0.63671875 0.115234375 0.634765625 0.11328125 0.634765625 0.111328125 0.6328125 0.109375
