0 0.74609375 0.44140625 0.74609375 0.443359375 0.751953125 0.44921875 0.7578125 0.44921875 0.7578125 0.4453125 0.75390625 0.44140625
0 0.919921875 0.419921875 0.91796875 0.421875 0.916015625 0.421875 0.9140625 0.423828125 0.9140625 0.427734375 0.912109375 0.4296875 0.912109375 0.431640625 0.908203125 0.435546875 0.90625 0.435546875 0.90625 0.4375 0.904296875 0.439453125 0.904296875 0.4453125 0.90625 0.447265625 0.90625 0.44921875 0.912109375 0.455078125 0.9140625 0.455078125 0.916015625 0.45703125 0.91796875 0.45703125 0.919921875 0.458984375 0.921875 0.458984375 0.923828125 0.4609375 0.927734375 0.4609375 0.9296875 0.462890625 0.935546875 0.462890625 0.9375 0.46484375 0.947265625 0.46484375 0.94921875 0.462890625 0.951171875 0.462890625 0.951171875 0.4609375 0.953125 0.458984375 0.953125 0.4453125 0.94921875 0.44140625 0.94921875 0.4296875 0.9453125 0.42578125 0.943359375 0.42578125 0.94140625 0.423828125 0.9375 0.423828125 0.935546875 0.421875 0.9296875 0.421875 0.927734375 0.419921875
0 0.798828125 0.390625 0.796875 0.392578125 0.791015625 0.392578125 0.791015625 0.3984375 0.796875 0.3984375 0.798828125 0.396484375 0.802734375 0.396484375 0.80078125 0.39453125 0.80078125 0.392578125
0 0.794921875 0.3671875 0.79296875 0.369140625 0.79296875 0.37109375 0.794921875 0.37109375 0.798828125 0.375 0.8046875 0.375 0.806640625 0.373046875 0.806640625 0.37109375 0.8046875 0.369140625 0.802734375 0.369140625 0.80078125 0.3671875
0 0.94921875 0.298828125 0.947265625 0.30078125 0.947265625 0.30859375 0.95703125 0.30859375 0.95703125 0.30078125 0.955078125 0.298828125
0 0.9375 0.29296875 0.9375 0.294921875 0.935546875 0.296875 0.935546875 0.298828125 0.93359375 0.30078125 0.9296875 0.30078125 0.92578125 0.296875 0.92578125 0.302734375 0.927734375 0.3046875 0.927734375 0.306640625 0.9296875 0.30859375 0.939453125 0.30859375 0.939453125 0.306640625 0.94140625 0.3046875 0.94140625 0.296875 0.939453125 0.294921875 0.939453125 0.29296875
0 0.9609375 0.279296875 0.958984375 0.28125 0.958984375 0.287109375 0.962890625 0.291015625 0.962890625 0.29296875 0.96484375 0.294921875 0.96484375 0.302734375 0.974609375 0.302734375 0.974609375 0.296875 0.966796875 0.2890625 0.966796875 0.28125 0.96484375 0.279296875
0 0.201171875 0.21484375 0.19921875 0.216796875 0.197265625 0.216796875 0.19140625 0.22265625 0.19140625 0.234375 0.193359375 0.236328125 0.193359375 0.2421875 0.19140625 0.244140625 0.19140625 0.248046875 0.189453125 0.25 0.189453125 0.2578125 0.19140625 0.259765625 0.19140625 0.26171875 0.193359375 0.263671875 0.193359375 0.265625 0.197265625 0.26953125 0.197265625 0.2734375 0.19921875 0.275390625 0.19921875 0.279296875 0.203125 0.283203125 0.205078125 0.283203125 0.20703125 0.28515625 0.208984375 0.28515625 0.2109375 0.287109375 0.216796875 0.287109375 0.21875 0.2890625 0.23046875 0.2890625 0.234375 0.28515625 0.234375 0.28125 0.232421875 0.279296875 0.23046875 0.279296875 0.228515625 0.27734375 0.2265625 0.27734375 0.22265625 0.2734375 0.22265625 0.26953125 0.224609375 0.267578125 0.224609375 0.265625 0.2265625 0.263671875 0.232421875 0.263671875 0.232421875 0.26171875 0.234375 0.259765625 0.234375 0.251953125 0.232421875 0.25 0.232421875 0.248046875 0.228515625 0.244140625 0.2265625 0.244140625 0.224609375 0.2421875 0.22265625 0.2421875 0.220703125 0.240234375 0.220703125 0.23828125 0.21875 0.236328125 0.21875 0.234375 0.216796875 0.232421875 0.216796875 0.23046875 0.220703125 0.2265625 0.21875 0.224609375 0.21875 0.21875 0.21484375 0.21484375
0 0.94140625 0.126953125 0.939453125 0.12890625 0.939453125 0.1328125 0.94140625 0.134765625 0.94140625 0.13671875 0.943359375 0.138671875 0.943359375 0.14453125 0.9453125 0.146484375 0.953125 0.146484375 0.955078125 0.14453125 0.951171875 0.140625 0.951171875 0.1328125 0.947265625 0.12890625 0.9453125 0.12890625 0.943359375 0.126953125
0 0.625 0.1171875 0.623046875 0.119140625 0.62109375 0.119140625 0.619140625 0.12109375 0.619140625 0.125 0.6171875 0.126953125 0.619140625 0.12890625 0.625 0.12890625 0.62890625 0.1328125 0.630859375 0.1328125 0.6328125 0.134765625 0.634765625 0.134765625 0.63671875 0.1328125 0.6328125 0.12890625 0.6328125 0.12109375 0.630859375 0.119140625 0.626953125 0.119140625
0 0.572265625 0.025390625 0.5703125 0.02734375 0.5703125 0.046875 0.572265625 0.048828125 0.57421875 0.048828125 0.576171875 0.05078125 0.578125 0.048828125 0.580078125 0.048828125 0.58203125 0.046875 0.587890625 0.046875 0.587890625 0.044921875 0.58984375 0.04296875 0.58984375 0.041015625 0.591796875 0.0390625 0.591796875 0.037109375 0.58984375 0.037109375 0.587890625 0.03515625 0.5859375 0.03515625 0.583984375 0.033203125 0.583984375 0.03125 0.580078125 0.02734375 0.578125 0.02734375 0.576171875 0.025390625
0 0.69921875 0.0 0.703125 0.00390625 0.705078125 0.00390625 0.70703125 0.005859375 0.7109375 0.005859375 0.712890625 0.00390625 0.71484375 0.00390625 0.71875 0.0
