0 0.0 0.75390625 0.0 0.76953125 0.001953125 0.767578125 0.00390625 0.767578125 0.005859375 0.765625 0.005859375 0.759765625 0.00390625 0.7578125 0.00390625 0.755859375 0.001953125 0.755859375
0 0.732421875 0.716796875 0.73046875 0.71875 0.728515625 0.71875 0.7265625 0.720703125 0.724609375 0.720703125 0.712890625 0.732421875 0.712890625 0.734375 0.7109375 0.736328125 0.7109375 0.73828125 0.71484375 0.73828125 0.732421875 0.720703125 0.732421875 0.71875 0.734375 0.716796875
0 0.654296875 0.6953125 0.65234375 0.697265625 0.65234375 0.69921875 0.6484375 0.703125 0.646484375 0.703125 0.646484375 0.705078125 0.64453125 0.70703125 0.64453125 0.708984375 0.646484375 0.708984375 0.6484375 0.7109375 0.650390625 0.708984375 0.65234375 0.708984375 0.66015625 0.701171875 0.66015625 0.6953125
0 0.4375 0.650390625 0.4375 0.65234375 0.43359375 0.65625 0.43359375 0.685546875 0.431640625 0.6875 0.435546875 0.69140625 0.435546875 0.693359375 0.439453125 0.693359375 0.443359375 0.689453125 0.443359375 0.685546875 0.4453125 0.68359375 0.4453125 0.677734375 0.447265625 0.67578125 0.4453125 0.673828125 0.4453125 0.66796875 0.443359375 0.666015625 0.443359375 0.662109375 0.44140625 0.66015625 0.44140625 0.65625 0.439453125 0.654296875 0.439453125 0.65234375
0 0.7734375 0.634765625 0.771484375 0.63671875 0.771484375 0.646484375 0.76953125 0.6484375 0.76953125 0.662109375 0.767578125 0.6640625 0.767578125 0.66796875 0.765625 0.669921875 0.765625 0.671875 0.763671875 0.673828125 0.763671875 0.6796875 0.76171875 0.681640625 0.763671875 0.68359375 0.763671875 0.6875 0.765625 0.6875 0.767578125 0.685546875 0.76953125 0.685546875 0.76953125 0.68359375 0.771484375 0.681640625 0.771484375 0.6796875 0.7734375 0.677734375 0.7734375 0.673828125 0.775390625 0.671875 0.775390625 0.669921875 0.77734375 0.66796875 0.77734375 0.6640625 0.779296875 0.662109375 0.779296875 0.640625 0.77734375 0.638671875 0.77734375 0.63671875 0.775390625 0.634765625
0 0.580078125 0.447265625 0.578125 0.44921875 0.576171875 0.44921875 0.56640625 0.458984375 0.564453125 0.458984375 0.564453125 0.4609375 0.5546875 0.470703125 0.5546875 0.47265625 0.546875 0.48046875 0.544921875 0.48046875 0.5390625 0.486328125 0.537109375 0.486328125 0.533203125 0.490234375 0.533203125 0.49609375 0.53515625 0.498046875 0.54296875 0.498046875 0.544921875 0.49609375 0.548828125 0.49609375 0.552734375 0.4921875 0.5546875 0.4921875 0.556640625 0.490234375 0.55859375 0.490234375 0.572265625 0.4765625 0.572265625 0.474609375 0.580078125 0.466796875 0.580078125 0.46484375 0.58203125 0.462890625 0.58203125 0.458984375 0.583984375 0.45703125 0.583984375 0.451171875
0 0.203125 0.369140625 0.201171875 0.37109375 0.19921875 0.37109375 0.19921875 0.373046875 0.197265625 0.375 0.197265625 0.380859375 0.19921875 0.380859375 0.19921875 0.376953125 0.205078125 0.37109375 0.205078125 0.369140625
0 0.1875 0.265625 0.185546875 0.267578125 0.185546875 0.271484375 0.18359375 0.2734375 0.185546875 0.275390625 0.1875 0.275390625 0.189453125 0.27734375 0.1953125 0.27734375 0.197265625 0.275390625 0.197265625 0.26953125 0.1953125 0.267578125 0.1953125 0.265625
0 0.15234375 0.26171875 0.150390625 0.263671875 0.1484375 0.263671875 0.146484375 0.265625 0.14453125 0.265625 0.142578125 0.267578125 0.142578125 0.2734375 0.1484375 0.2734375 0.15234375 0.26953125 0.15234375 0.265625 0.154296875 0.263671875 0.154296875 0.26171875
0 0.09765625 0.083984375 0.095703125 0.0859375 0.091796875 0.0859375 0.087890625 0.08984375 0.087890625 0.103515625 0.08984375 0.10546875 0.08984375 0.107421875 0.09375 0.111328125 0.09765625 0.111328125 0.099609375 0.11328125 0.1015625 0.111328125 0.1015625 0.1015625 0.099609375 0.099609375 0.099609375 0.09765625 0.1015625 0.095703125 0.1015625 0.08984375 0.099609375 0.087890625 0.099609375 0.083984375
0 0.330078125 0.080078125 0.326171875 0.083984375 0.326171875 0.08984375 0.32421875 0.091796875 0.32421875 0.109375 0.322265625 0.111328125 0.322265625 0.115234375 0.3203125 0.1171875 0.3203125 0.119140625 0.314453125 0.125 0.314453125 0.126953125 0.3125 0.12890625 0.3125 0.130859375 0.310546875 0.1328125 0.310546875 0.146484375 0.3125 0.1484375 0.32421875 0.1484375 0.326171875 0.146484375 0.328125 0.146484375 0.333984375 0.140625 0.333984375 0.138671875 0.3359375 0.13671875 0.3359375 0.12890625 0.328125 0.12109375 0.328125 0.119140625 0.326171875 0.1171875 0.326171875 0.107421875 0.328125 0.10546875 0.328125 0.103515625 0.33203125 0.099609375 0.333984375 0.099609375 0.3359375 0.09765625 0.337890625 0.09765625 0.337890625 0.095703125 0.33984375 0.09375 0.33984375 0.083984375 0.337890625 0.08203125 0.337890625 0.080078125
0 0.197265625 0.033203125 0.1953125 0.03515625 0.1953125 0.037109375 0.193359375 0.0390625 0.193359375 0.04296875 0.19140625 0.044921875 0.19140625 0.046875 0.1953125 0.05078125 0.201171875 0.05078125 0.203125 0.048828125 0.205078125 0.048828125 0.208984375 0.044921875 0.208984375 0.037109375 0.20703125 0.037109375 0.203125 0.033203125
