0 0.45703125 0.75 0.455078125 0.751953125 0.453125 0.751953125 0.451171875 0.75390625 0.44921875 0.75390625 0.447265625 0.755859375 0.4453125 0.755859375 0.443359375 0.7578125 0.443359375 0.76171875 0.44140625 0.763671875 0.4453125 0.767578125 0.447265625 0.767578125 0.44921875 0.76953125 0.45703125 0.76953125 0.458984375 0.771484375 0.478515625 0.771484375 0.48046875 0.76953125 0.482421875 0.76953125 0.486328125 0.765625 0.486328125 0.759765625 0.484375 0.759765625 0.482421875 0.7578125 0.4765625 0.7578125 0.47265625 0.75390625 0.46875 0.75390625 0.466796875 0.751953125 0.46484375 0.751953125 0.462890625 0.75
0 0.416015625 0.71875 0.4140625 0.720703125 0.412109375 0.720703125 0.41015625 0.72265625 0.408203125 0.72265625 0.40625 0.724609375 0.40625 0.7265625 0.40234375 0.73046875 0.40234375 0.732421875 0.3984375 0.736328125 0.3984375 0.7421875 0.400390625 0.7421875 0.40234375 0.744140625 0.408203125 0.744140625 0.41015625 0.7421875 0.412109375 0.7421875 0.4140625 0.740234375 0.416015625 0.740234375 0.41796875 0.73828125 0.419921875 0.73828125 0.419921875 0.736328125 0.423828125 0.732421875 0.4296875 0.732421875 0.431640625 0.73046875 0.435546875 0.73046875 0.4375 0.728515625 0.4375 0.7265625 0.439453125 0.724609375 0.439453125 0.720703125 0.435546875 0.720703125 0.43359375 0.71875
0 0.39453125 0.701171875 0.392578125 0.703125 0.390625 0.703125 0.384765625 0.708984375 0.3828125 0.708984375 0.380859375 0.7109375 0.37890625 0.7109375 0.376953125 0.712890625 0.375 0.712890625 0.373046875 0.71484375 0.37109375 0.71484375 0.37109375 0.716796875 0.369140625 0.71875 0.369140625 0.73046875 0.37109375 0.732421875 0.37109375 0.734375 0.375 0.73828125 0.37890625 0.73828125 0.380859375 0.740234375 0.38671875 0.734375 0.388671875 0.734375 0.388671875 0.732421875 0.392578125 0.728515625 0.392578125 0.72265625 0.39453125 0.720703125 0.39453125 0.71875 0.396484375 0.716796875 0.396484375 0.703125
0 0.998046875 0.470703125 0.994140625 0.474609375 0.994140625 0.478515625 0.99609375 0.48046875 0.998046875 0.48046875
0 0.095703125 0.447265625 0.09375 0.44921875 0.091796875 0.44921875 0.091796875 0.45703125 0.09375 0.458984375 0.095703125 0.458984375 0.09765625 0.4609375 0.099609375 0.4609375 0.10546875 0.466796875 0.10546875 0.46875 0.109375 0.47265625 0.109375 0.482421875 0.107421875 0.484375 0.103515625 0.484375 0.103515625 0.48828125 0.10546875 0.490234375 0.10546875 0.498046875 0.103515625 0.5 0.103515625 0.501953125 0.099609375 0.505859375 0.09375 0.505859375 0.09375 0.5078125 0.095703125 0.509765625 0.09765625 0.509765625 0.099609375 0.51171875 0.1015625 0.51171875 0.103515625 0.513671875 0.103515625 0.515625 0.099609375 0.51953125 0.09375 0.51953125 0.09375 0.52734375 0.103515625 0.52734375 0.10546875 0.525390625 0.107421875 0.525390625 0.107421875 0.5234375 0.109375 0.521484375 0.119140625 0.521484375 0.12109375 0.51953125 0.12109375 0.517578125 0.1171875 0.513671875 0.11328125 0.513671875 0.111328125 0.51171875 0.111328125 0.505859375 0.11328125 0.50390625 0.115234375 0.50390625 0.1171875 0.501953125 0.1171875 0.470703125 0.109375 0.462890625 0.109375 0.458984375 0.111328125 0.45703125 0.11328125 0.45703125 0.11328125 0.453125 0.111328125 0.451171875 0.111328125 0.44921875 0.1015625 0.44921875 0.099609375 0.447265625
0 0.166015625 0.43359375 0.1640625 0.435546875 0.1640625 0.44140625 0.166015625 0.443359375 0.166015625 0.4453125 0.169921875 0.44921875 0.171875 0.44921875 0.173828125 0.451171875 0.1875 0.451171875 0.189453125 0.44921875 0.19140625 0.44921875 0.193359375 0.447265625 0.193359375 0.443359375 0.181640625 0.443359375 0.1796875 0.44140625 0.177734375 0.44140625 0.169921875 0.43359375
0 0.150390625 0.3984375 0.1484375 0.400390625 0.1484375 0.40234375 0.146484375 0.404296875 0.1484375 0.40625 0.1484375 0.408203125 0.158203125 0.41796875 0.16015625 0.41796875 0.162109375 0.419921875 0.162109375 0.421875 0.1640625 0.421875 0.166015625 0.423828125 0.16796875 0.423828125 0.169921875 0.42578125 0.169921875 0.427734375 0.171875 0.4296875 0.177734375 0.4296875 0.1796875 0.431640625 0.18359375 0.431640625 0.185546875 0.4296875 0.185546875 0.427734375 0.18359375 0.42578125 0.177734375 0.42578125 0.17578125 0.423828125 0.171875 0.423828125 0.1640625 0.416015625 0.162109375 0.416015625 0.158203125 0.412109375 0.15625 0.412109375 0.150390625 0.40625 0.150390625 0.40234375 0.15234375 0.400390625
0 0.1875 0.369140625 0.19140625 0.373046875 0.197265625 0.373046875 0.201171875 0.376953125 0.208984375 0.376953125 0.2109375 0.37890625 0.212890625 0.37890625 0.212890625 0.373046875 0.203125 0.373046875 0.201171875 0.37109375 0.197265625 0.37109375 0.1953125 0.369140625
0 0.9140625 0.3203125 0.912109375 0.322265625 0.912109375 0.32421875 0.916015625 0.328125 0.916015625 0.3359375 0.91796875 0.3359375 0.921875 0.33203125 0.921875 0.328125 0.919921875 0.326171875 0.919921875 0.32421875 0.921875 0.322265625 0.921875 0.3203125
0 0.849609375 0.271484375 0.84765625 0.2734375 0.84765625 0.27734375 0.85546875 0.28515625 0.857421875 0.28515625 0.857421875 0.283203125 0.85546875 0.28125 0.857421875 0.279296875 0.857421875 0.27734375 0.859375 0.275390625 0.859375 0.2734375 0.857421875 0.271484375
