0 0.06640625 0.984375 0.06640625 0.986328125 0.060546875 0.9921875 0.060546875 0.994140625 0.05859375 0.99609375 0.060546875 0.998046875 0.0625 0.998046875 0.064453125 0.99609375 0.0703125 0.99609375 0.07421875 0.9921875 0.07421875 0.990234375 0.072265625 0.98828125 0.072265625 0.984375
0 0.271484375 0.970703125 0.271484375 0.97265625 0.26953125 0.974609375 0.267578125 0.974609375 0.263671875 0.978515625 0.263671875 0.990234375 0.265625 0.9921875 0.265625 0.994140625 0.26953125 0.998046875 0.2734375 0.998046875 0.275390625 0.99609375 0.275390625 0.9921875 0.2734375 0.990234375 0.2734375 0.984375 0.27734375 0.98046875 0.27734375 0.978515625 0.28125 0.974609375 0.28125 0.970703125
0 0.0703125 0.923828125 0.068359375 0.92578125 0.068359375 0.9296875 0.060546875 0.9375 0.060546875 0.943359375 0.05859375 0.9453125 0.05859375 0.94921875 0.056640625 0.951171875 0.0546875 0.951171875 0.05078125 0.955078125 0.05078125 0.962890625 0.052734375 0.96484375 0.052734375 0.966796875 0.0546875 0.966796875 0.056640625 0.96875 0.05859375 0.96875 0.060546875 0.970703125 0.06640625 0.970703125 0.0703125 0.966796875 0.0703125 0.96484375 0.076171875 0.958984375 0.076171875 0.955078125 0.07421875 0.953125 0.07421875 0.947265625 0.072265625 0.9453125 0.072265625 0.94140625 0.0703125 0.939453125 0.0703125 0.935546875 0.076171875 0.9296875 0.076171875 0.92578125 0.07421875 0.923828125
0 0.248046875 0.900390625 0.24609375 0.90234375 0.24609375 0.904296875 0.248046875 0.90625 0.25 0.90625 0.251953125 0.908203125 0.2578125 0.908203125 0.2578125 0.90625 0.255859375 0.904296875 0.255859375 0.90234375 0.25390625 0.900390625
0 0.078125 0.794921875 0.076171875 0.796875 0.07421875 0.796875 0.072265625 0.798828125 0.072265625 0.80078125 0.06640625 0.806640625 0.06640625 0.80859375 0.068359375 0.810546875 0.0703125 0.810546875 0.0703125 0.80859375 0.07421875 0.8046875 0.076171875 0.8046875 0.078125 0.802734375 0.080078125 0.8046875 0.08203125 0.802734375 0.083984375 0.802734375 0.0859375 0.80078125 0.0859375 0.798828125 0.083984375 0.796875 0.080078125 0.796875
0 0.419921875 0.673828125 0.41796875 0.67578125 0.412109375 0.67578125 0.41015625 0.677734375 0.41015625 0.6796875 0.412109375 0.6796875 0.4140625 0.681640625 0.42578125 0.681640625 0.427734375 0.68359375 0.4296875 0.681640625 0.431640625 0.681640625 0.43359375 0.6796875 0.4296875 0.67578125 0.421875 0.67578125
0 0.27734375 0.14453125 0.275390625 0.146484375 0.275390625 0.150390625 0.27734375 0.15234375 0.27734375 0.154296875 0.279296875 0.15625 0.28125 0.15625 0.291015625 0.166015625 0.291015625 0.177734375 0.29296875 0.1796875 0.298828125 0.1796875 0.298828125 0.177734375 0.30078125 0.17578125 0.30078125 0.166015625 0.298828125 0.1640625 0.298828125 0.162109375 0.2890625 0.15234375 0.287109375 0.15234375 0.28515625 0.150390625 0.283203125 0.150390625 0.279296875 0.146484375 0.279296875 0.14453125
0 0.064453125 0.14453125 0.0625 0.146484375 0.0625 0.1484375 0.068359375 0.1484375 0.068359375 0.14453125
0 0.056640625 0.138671875 0.052734375 0.142578125 0.052734375 0.146484375 0.05859375 0.146484375 0.05859375 0.138671875
0 0.3671875 0.0 0.3671875 0.005859375 0.369140625 0.0078125 0.369140625 0.01171875 0.373046875 0.015625 0.375 0.015625 0.376953125 0.013671875 0.37890625 0.013671875 0.384765625 0.0078125 0.384765625 0.005859375 0.3828125 0.00390625 0.37890625 0.00390625 0.376953125 0.005859375 0.373046875 0.001953125 0.373046875 0.0
