0 0.744140625 0.9765625 0.744140625 0.98046875 0.7421875 0.982421875 0.744140625 0.984375 0.744140625 0.986328125 0.74609375 0.98828125 0.74609375 0.990234375 0.75390625 0.998046875 0.763671875 0.998046875 0.763671875 0.99609375 0.76171875 0.994140625 0.76171875 0.9921875 0.759765625 0.990234375 0.755859375 0.990234375 0.751953125 0.986328125 0.751953125 0.984375
0 0.0859375 0.974609375 0.083984375 0.9765625 0.083984375 0.978515625 0.078125 0.984375 0.07421875 0.984375 0.072265625 0.986328125 0.0703125 0.986328125 0.06640625 0.990234375 0.06640625 0.9921875 0.064453125 0.994140625 0.0703125 0.994140625 0.072265625 0.9921875 0.07421875 0.9921875 0.078125 0.98828125 0.080078125 0.98828125 0.087890625 0.98046875 0.087890625 0.974609375
0 0.814453125 0.90625 0.814453125 0.912109375 0.818359375 0.912109375 0.8203125 0.91015625 0.8203125 0.90625
0 0.857421875 0.88671875 0.853515625 0.890625 0.8515625 0.890625 0.8515625 0.896484375 0.85546875 0.900390625 0.85546875 0.904296875 0.857421875 0.904296875 0.857421875 0.90234375 0.859375 0.900390625 0.857421875 0.8984375 0.859375 0.896484375 0.859375 0.89453125 0.861328125 0.892578125 0.861328125 0.88671875
0 0.875 0.8515625 0.875 0.853515625 0.87890625 0.857421875 0.87890625 0.861328125 0.876953125 0.86328125 0.875 0.86328125 0.87109375 0.8671875 0.87109375 0.87890625 0.873046875 0.880859375 0.880859375 0.880859375 0.8828125 0.87890625 0.884765625 0.87890625 0.88671875 0.876953125 0.890625 0.876953125 0.892578125 0.875 0.89453125 0.875 0.896484375 0.873046875 0.896484375 0.87109375 0.8984375 0.869140625 0.8984375 0.8671875 0.896484375 0.865234375 0.89453125 0.865234375 0.892578125 0.86328125 0.890625 0.86328125 0.88671875 0.859375 0.88671875 0.857421875 0.884765625 0.857421875 0.87890625 0.8515625
0 0.2734375 0.828125 0.271484375 0.830078125 0.271484375 0.83203125 0.26953125 0.833984375 0.259765625 0.833984375 0.2578125 0.8359375 0.2578125 0.837890625 0.259765625 0.83984375 0.259765625 0.841796875 0.2578125 0.84375 0.255859375 0.84375 0.25390625 0.845703125 0.2578125 0.849609375 0.2578125 0.853515625 0.255859375 0.85546875 0.255859375 0.859375 0.259765625 0.859375 0.26171875 0.857421875 0.263671875 0.857421875 0.265625 0.85546875 0.267578125 0.85546875 0.26953125 0.857421875 0.275390625 0.857421875 0.279296875 0.861328125 0.28125 0.861328125 0.283203125 0.859375 0.283203125 0.853515625 0.27734375 0.853515625 0.271484375 0.84765625 0.271484375 0.841796875 0.2734375 0.83984375 0.27734375 0.83984375 0.27734375 0.837890625 0.28125 0.833984375 0.283203125 0.833984375 0.283203125 0.83203125 0.28515625 0.830078125 0.2890625 0.830078125 0.2890625 0.828125
0 0.2265625 0.810546875 0.224609375 0.8125 0.21875 0.8125 0.216796875 0.814453125 0.216796875 0.818359375 0.21484375 0.8203125 0.2109375 0.8203125 0.2109375 0.828125 0.212890625 0.828125 0.21484375 0.830078125 0.216796875 0.830078125 0.220703125 0.826171875 0.224609375 0.826171875 0.224609375 0.82421875 0.2265625 0.822265625 0.23046875 0.822265625 0.232421875 0.8203125 0.234375 0.8203125 0.236328125 0.818359375 0.236328125 0.8125 0.234375 0.810546875
0 0.982421875 0.80859375 0.978515625 0.8125 0.982421875 0.8125 0.98828125 0.818359375 0.990234375 0.818359375 0.990234375 0.81640625 0.98828125 0.814453125 0.98828125 0.8125 0.986328125 0.8125
0 0.41015625 0.689453125 0.408203125 0.69140625 0.404296875 0.69140625 0.40234375 0.693359375 0.40234375 0.6953125 0.400390625 0.697265625 0.400390625 0.69921875 0.3984375 0.701171875 0.3984375 0.70703125 0.404296875 0.70703125 0.41015625 0.701171875 0.41015625 0.69921875 0.412109375 0.697265625 0.412109375 0.69140625
0 0.478515625 0.677734375 0.4765625 0.6796875 0.4765625 0.6875 0.478515625 0.689453125 0.478515625 0.70703125 0.48046875 0.708984375 0.48046875 0.7109375 0.486328125 0.716796875 0.48828125 0.716796875 0.490234375 0.71484375 0.490234375 0.701171875 0.4921875 0.69921875 0.4921875 0.689453125 0.48828125 0.685546875 0.48828125 0.6796875 0.486328125 0.677734375
0 0.068359375 0.662109375 0.06640625 0.6640625 0.06640625 0.666015625 0.064453125 0.66796875 0.0625 0.66796875 0.05859375 0.671875 0.05859375 0.673828125 0.064453125 0.673828125 0.068359375 0.677734375 0.0703125 0.67578125 0.072265625 0.67578125 0.076171875 0.671875 0.078125 0.671875 0.0859375 0.6796875 0.0859375 0.681640625 0.087890625 0.681640625 0.087890625 0.673828125 0.08984375 0.671875 0.091796875 0.671875 0.091796875 0.66796875 0.087890625 0.66796875 0.0859375 0.669921875 0.08203125 0.669921875 0.080078125 0.66796875 0.078125 0.66796875 0.076171875 0.669921875 0.0703125 0.669921875 0.068359375 0.66796875 0.0703125 0.666015625 0.0703125 0.662109375
0 0.23046875 0.65234375 0.228515625 0.654296875 0.2265625 0.654296875 0.22265625 0.658203125 0.22265625 0.662109375 0.224609375 0.6640625 0.224609375 0.666015625 0.2265625 0.66796875 0.232421875 0.66796875 0.234375 0.666015625 0.236328125 0.666015625 0.236328125 0.654296875 0.234375 0.65234375
0 0.47265625 0.607421875 0.470703125 0.609375 0.462890625 0.609375 0.458984375 0.61328125 0.458984375 0.615234375 0.4609375 0.6171875 0.4609375 0.619140625 0.462890625 0.62109375 0.462890625 0.623046875 0.46484375 0.625 0.46484375 0.626953125 0.470703125 0.626953125 0.47265625 0.62890625 0.482421875 0.62890625 0.482421875 0.625 0.484375 0.623046875 0.484375 0.6171875 0.482421875 0.615234375 0.482421875 0.61328125 0.48046875 0.611328125 0.48046875 0.609375 0.474609375 0.609375
0 0.369140625 0.546875 0.3671875 0.548828125 0.365234375 0.548828125 0.36328125 0.55078125 0.36328125 0.5546875 0.361328125 0.556640625 0.361328125 0.55859375 0.365234375 0.5625 0.3671875 0.560546875 0.37109375 0.560546875 0.373046875 0.55859375 0.376953125 0.55859375 0.37890625 0.556640625 0.380859375 0.556640625 0.3828125 0.5546875 0.3828125 0.548828125 0.380859375 0.546875
0 0.44140625 0.537109375 0.439453125 0.5390625 0.4375 0.5390625 0.4375 0.541015625 0.4296875 0.548828125 0.4296875 0.552734375 0.431640625 0.5546875 0.431640625 0.560546875 0.435546875 0.564453125 0.435546875 0.56640625 0.4375 0.568359375 0.44140625 0.568359375 0.443359375 0.56640625 0.4453125 0.56640625 0.447265625 0.564453125 0.44921875 0.564453125 0.451171875 0.5625 0.451171875 0.556640625 0.453125 0.5546875 0.453125 0.55078125 0.455078125 0.548828125 0.451171875 0.544921875 0.451171875 0.54296875 0.44921875 0.541015625 0.44921875 0.5390625 0.443359375 0.5390625
0 0.4140625 0.1171875 0.412109375 0.119140625 0.41015625 0.119140625 0.404296875 0.125 0.3984375 0.125 0.396484375 0.126953125 0.390625 0.126953125 0.390625 0.130859375 0.40234375 0.130859375 0.40625 0.126953125 0.408203125 0.126953125 0.41015625 0.125 0.412109375 0.125 0.4140625 0.123046875 0.4140625 0.12109375 0.416015625 0.119140625 0.41796875 0.119140625 0.419921875 0.1171875
0 0.259765625 0.068359375 0.259765625 0.07421875 0.255859375 0.078125 0.25390625 0.078125 0.251953125 0.080078125 0.251953125 0.087890625 0.2578125 0.087890625 0.263671875 0.08203125 0.263671875 0.0703125 0.26171875 0.068359375
0 0.5703125 0.04296875 0.568359375 0.044921875 0.56640625 0.044921875 0.56640625 0.05078125 0.55859375 0.05859375 0.556640625 0.05859375 0.5546875 0.056640625 0.552734375 0.056640625 0.548828125 0.052734375 0.54296875 0.052734375 0.5390625 0.056640625 0.537109375 0.0546875 0.537109375 0.056640625 0.5390625 0.05859375 0.546875 0.05859375 0.55859375 0.0703125 0.56640625 0.0625 0.57421875 0.0625 0.576171875 0.060546875 0.576171875 0.05859375 0.57421875 0.056640625 0.57421875 0.0546875 0.5703125 0.0546875 0.568359375 0.052734375 0.5703125 0.05078125
