0 0.791015625 0.87890625 0.791015625 0.880859375 0.79296875 0.880859375 0.794921875 0.8828125 0.794921875 0.884765625 0.796875 0.8828125 0.796875 0.87890625
0 0.79296875 0.85546875 0.79296875 0.861328125 0.798828125 0.8671875 0.802734375 0.8671875 0.8046875 0.865234375 0.806640625 0.8671875 0.806640625 0.87109375 0.80859375 0.873046875 0.80859375 0.87109375 0.810546875 0.869140625 0.810546875 0.865234375 0.80859375 0.86328125 0.802734375 0.86328125 0.796875 0.857421875 0.794921875 0.857421875
0 0.833984375 0.82421875 0.833984375 0.828125 0.837890625 0.83203125 0.83984375 0.83203125 0.841796875 0.833984375 0.845703125 0.833984375 0.84765625 0.8359375 0.84765625 0.841796875 0.8515625 0.841796875 0.8515625 0.83984375 0.837890625 0.826171875 0.8359375 0.826171875
0 0.056640625 0.810546875 0.0546875 0.8125 0.052734375 0.8125 0.052734375 0.814453125 0.05078125 0.81640625 0.05078125 0.818359375 0.048828125 0.8203125 0.048828125 0.82421875 0.05078125 0.826171875 0.056640625 0.826171875 0.05859375 0.828125 0.05859375 0.830078125 0.0625 0.833984375 0.064453125 0.833984375 0.064453125 0.830078125 0.06640625 0.828125 0.068359375 0.828125 0.068359375 0.826171875 0.0703125 0.82421875 0.0703125 0.8203125 0.0625 0.8125 0.060546875 0.8125 0.05859375 0.810546875
0 0.7890625 0.765625 0.78515625 0.76953125 0.78515625 0.771484375 0.791015625 0.771484375 0.794921875 0.767578125 0.80078125 0.767578125 0.80078125 0.765625 0.798828125 0.765625 0.796875 0.767578125 0.794921875 0.767578125 0.79296875 0.765625
0 0.08984375 0.75 0.0859375 0.75390625 0.0859375 0.755859375 0.087890625 0.7578125 0.087890625 0.767578125 0.08984375 0.76953125 0.08984375 0.78125 0.087890625 0.783203125 0.0859375 0.783203125 0.0859375 0.78515625 0.087890625 0.78515625 0.08984375 0.787109375 0.08984375 0.7890625 0.091796875 0.787109375 0.095703125 0.787109375 0.09765625 0.7890625 0.099609375 0.7890625 0.099609375 0.783203125 0.1015625 0.78125 0.10546875 0.78125 0.107421875 0.779296875 0.109375 0.779296875 0.111328125 0.78125 0.115234375 0.78125 0.1171875 0.779296875 0.1171875 0.77734375 0.115234375 0.775390625 0.10546875 0.775390625 0.103515625 0.7734375 0.103515625 0.765625 0.1015625 0.763671875 0.1015625 0.76171875 0.09765625 0.7578125 0.09765625 0.75390625 0.095703125 0.751953125 0.095703125 0.75
0 0.103515625 0.740234375 0.103515625 0.751953125 0.10546875 0.75390625 0.107421875 0.75390625 0.109375 0.755859375 0.109375 0.76171875 0.107421875 0.763671875 0.107421875 0.767578125 0.109375 0.767578125 0.11328125 0.763671875 0.119140625 0.763671875 0.119140625 0.76171875 0.12109375 0.759765625 0.1171875 0.755859375 0.1171875 0.75 0.115234375 0.75 0.11328125 0.748046875 0.109375 0.748046875 0.107421875 0.74609375 0.107421875 0.740234375
0 0.771484375 0.689453125 0.76953125 0.69140625 0.76953125 0.693359375 0.767578125 0.6953125 0.76953125 0.697265625 0.76953125 0.728515625 0.7734375 0.724609375 0.7734375 0.72265625 0.771484375 0.720703125 0.771484375 0.708984375 0.7734375 0.70703125 0.7734375 0.705078125 0.779296875 0.69921875 0.7734375 0.693359375 0.7734375 0.69140625
0 0.791015625 0.6875 0.791015625 0.69140625 0.794921875 0.6953125 0.798828125 0.6953125 0.798828125 0.693359375 0.796875 0.69140625 0.796875 0.689453125 0.794921875 0.6875
0 0.744140625 0.677734375 0.7421875 0.6796875 0.7421875 0.681640625 0.740234375 0.68359375 0.740234375 0.685546875 0.7421875 0.685546875 0.744140625 0.68359375 0.744140625 0.6796875 0.74609375 0.677734375
0 0.419921875 0.671875 0.41796875 0.673828125 0.41796875 0.67578125 0.416015625 0.677734375 0.4140625 0.677734375 0.41015625 0.681640625 0.41015625 0.68359375 0.412109375 0.685546875 0.4140625 0.685546875 0.41796875 0.681640625 0.419921875 0.681640625 0.421875 0.68359375 0.423828125 0.681640625 0.423828125 0.6796875 0.42578125 0.677734375 0.427734375 0.677734375 0.427734375 0.67578125 0.42578125 0.67578125 0.421875 0.671875
0 0.302734375 0.35546875 0.302734375 0.357421875 0.30078125 0.359375 0.30078125 0.361328125 0.296875 0.365234375 0.294921875 0.365234375 0.294921875 0.3671875 0.296875 0.3671875 0.30078125 0.37109375 0.30078125 0.373046875 0.298828125 0.375 0.30078125 0.376953125 0.3046875 0.376953125 0.3046875 0.37109375 0.302734375 0.369140625 0.3046875 0.3671875 0.3046875 0.36328125 0.306640625 0.361328125 0.306640625 0.35546875
0 0.490234375 0.142578125 0.484375 0.1484375 0.484375 0.15625 0.48828125 0.16015625 0.48828125 0.162109375 0.490234375 0.1640625 0.490234375 0.169921875 0.48828125 0.171875 0.48828125 0.173828125 0.490234375 0.17578125 0.490234375 0.177734375 0.4921875 0.1796875 0.4921875 0.181640625 0.490234375 0.18359375 0.48828125 0.18359375 0.484375 0.1875 0.484375 0.189453125 0.482421875 0.19140625 0.482421875 0.193359375 0.478515625 0.197265625 0.4765625 0.197265625 0.474609375 0.19921875 0.474609375 0.201171875 0.47265625 0.203125 0.47265625 0.205078125 0.4765625 0.205078125 0.48046875 0.201171875 0.48828125 0.201171875 0.490234375 0.203125 0.490234375 0.20703125 0.48828125 0.208984375 0.484375 0.208984375 0.48046875 0.212890625 0.48046875 0.21484375 0.482421875 0.216796875 0.515625 0.216796875 0.517578125 0.21484375 0.51953125 0.216796875 0.5234375 0.212890625 0.5234375 0.208984375 0.525390625 0.20703125 0.525390625 0.1875 0.521484375 0.1875 0.51953125 0.189453125 0.51953125 0.197265625 0.515625 0.201171875 0.515625 0.203125 0.513671875 0.205078125 0.51171875 0.205078125 0.509765625 0.20703125 0.50390625 0.20703125 0.5 0.203125 0.5 0.197265625 0.50390625 0.193359375 0.50390625 0.19140625 0.505859375 0.189453125 0.505859375 0.18359375 0.50390625 0.181640625 0.50390625 0.177734375 0.501953125 0.17578125 0.501953125 0.1640625 0.505859375 0.16015625 0.505859375 0.158203125 0.509765625 0.154296875 0.509765625 0.150390625 0.5078125 0.1484375 0.5078125 0.146484375 0.50390625 0.146484375 0.501953125 0.14453125 0.498046875 0.14453125 0.49609375 0.142578125
