0 0.802734375 0.87890625 0.802734375 0.880859375 0.8046875 0.8828125 0.8046875 0.87890625
0 0.81640625 0.86328125 0.814453125 0.865234375 0.80859375 0.865234375 0.80859375 0.8671875 0.814453125 0.8671875 0.81640625 0.869140625 0.8203125 0.869140625 0.822265625 0.87109375 0.82421875 0.87109375 0.826171875 0.873046875 0.8359375 0.873046875 0.8359375 0.869140625 0.833984375 0.869140625 0.83203125 0.8671875 0.83203125 0.865234375 0.828125 0.865234375 0.826171875 0.8671875 0.82421875 0.865234375 0.822265625 0.865234375 0.8203125 0.86328125
0 0.798828125 0.853515625 0.798828125 0.85546875 0.80078125 0.85546875 0.802734375 0.857421875 0.8046875 0.857421875 0.80078125 0.853515625
0 0.78515625 0.84765625 0.78515625 0.849609375 0.787109375 0.849609375 0.7890625 0.8515625 0.7890625 0.853515625 0.7890625 0.8515625 0.79296875 0.84765625
0 0.5859375 0.78125 0.583984375 0.783203125 0.578125 0.783203125 0.576171875 0.78515625 0.57421875 0.78515625 0.5703125 0.7890625 0.568359375 0.7890625 0.564453125 0.79296875 0.5625 0.79296875 0.560546875 0.794921875 0.55859375 0.794921875 0.556640625 0.796875 0.5546875 0.796875 0.548828125 0.802734375 0.544921875 0.802734375 0.54296875 0.8046875 0.541015625 0.8046875 0.541015625 0.806640625 0.537109375 0.810546875 0.537109375 0.814453125 0.53515625 0.81640625 0.53515625 0.8203125 0.537109375 0.8203125 0.5390625 0.822265625 0.5390625 0.82421875 0.541015625 0.826171875 0.541015625 0.830078125 0.5390625 0.83203125 0.5390625 0.8359375 0.537109375 0.837890625 0.537109375 0.83984375 0.5390625 0.841796875 0.54296875 0.841796875 0.544921875 0.84375 0.55078125 0.84375 0.552734375 0.841796875 0.55859375 0.841796875 0.560546875 0.83984375 0.564453125 0.83984375 0.57421875 0.830078125 0.57421875 0.828125 0.576171875 0.826171875 0.576171875 0.82421875 0.578125 0.822265625 0.578125 0.810546875 0.58203125 0.806640625 0.58203125 0.8046875 0.583984375 0.802734375 0.583984375 0.80078125 0.59765625 0.787109375 0.591796875 0.78125
0 0.314453125 0.76953125 0.310546875 0.7734375 0.310546875 0.775390625 0.30859375 0.77734375 0.302734375 0.77734375 0.30078125 0.779296875 0.298828125 0.779296875 0.298828125 0.78125 0.296875 0.783203125 0.296875 0.78515625 0.294921875 0.787109375 0.29296875 0.787109375 0.29296875 0.7890625 0.291015625 0.791015625 0.291015625 0.79296875 0.287109375 0.796875 0.287109375 0.80078125 0.28515625 0.802734375 0.28515625 0.8046875 0.283203125 0.806640625 0.283203125 0.818359375 0.28515625 0.8203125 0.28515625 0.82421875 0.287109375 0.826171875 0.287109375 0.828125 0.28515625 0.830078125 0.28515625 0.83984375 0.287109375 0.841796875 0.291015625 0.841796875 0.29296875 0.83984375 0.296875 0.83984375 0.296875 0.833984375 0.298828125 0.83203125 0.298828125 0.830078125 0.296875 0.828125 0.298828125 0.826171875 0.298828125 0.8125 0.30078125 0.810546875 0.30078125 0.80859375 0.302734375 0.806640625 0.302734375 0.8046875 0.3046875 0.802734375 0.3046875 0.796875 0.306640625 0.794921875 0.306640625 0.791015625 0.30859375 0.7890625 0.30859375 0.787109375 0.310546875 0.78515625 0.310546875 0.78125 0.314453125 0.77734375 0.314453125 0.775390625 0.31640625 0.7734375 0.31640625 0.771484375
0 0.380859375 0.76171875 0.380859375 0.763671875 0.37890625 0.765625 0.37890625 0.767578125 0.375 0.771484375 0.375 0.77734375 0.376953125 0.779296875 0.376953125 0.78125 0.375 0.783203125 0.373046875 0.783203125 0.373046875 0.78515625 0.37109375 0.787109375 0.37109375 0.7890625 0.373046875 0.791015625 0.375 0.791015625 0.376953125 0.7890625 0.37890625 0.7890625 0.380859375 0.787109375 0.384765625 0.787109375 0.38671875 0.78515625 0.38671875 0.783203125 0.3828125 0.779296875 0.3828125 0.77734375 0.380859375 0.775390625 0.380859375 0.7734375 0.384765625 0.76953125 0.38671875 0.76953125 0.388671875 0.771484375 0.388671875 0.765625 0.38671875 0.763671875 0.3828125 0.763671875
0 0.681640625 0.75 0.681640625 0.751953125 0.68359375 0.75
0 0.623046875 0.75 0.615234375 0.7578125 0.615234375 0.76171875 0.61328125 0.763671875 0.615234375 0.763671875 0.6171875 0.76171875 0.62109375 0.76171875 0.625 0.7578125 0.625 0.755859375 0.626953125 0.75390625 0.625 0.751953125 0.625 0.75
0 0.65625 0.732421875 0.650390625 0.73828125 0.64453125 0.73828125 0.642578125 0.740234375 0.638671875 0.740234375 0.63671875 0.7421875 0.63671875 0.744140625 0.638671875 0.74609375 0.642578125 0.7421875 0.6484375 0.7421875 0.65234375 0.73828125 0.658203125 0.73828125 0.66015625 0.736328125 0.66015625 0.734375 0.662109375 0.732421875
0 0.65234375 0.427734375 0.650390625 0.4296875 0.6484375 0.4296875 0.642578125 0.435546875 0.638671875 0.435546875 0.63671875 0.4375 0.63671875 0.44140625 0.640625 0.44140625 0.640625 0.4375 0.642578125 0.435546875 0.650390625 0.435546875 0.65234375 0.43359375
0 0.6796875 0.296875 0.677734375 0.298828125 0.677734375 0.30078125 0.681640625 0.3046875 0.68359375 0.3046875 0.68359375 0.302734375 0.685546875 0.30078125 0.685546875 0.298828125 0.68359375 0.296875
0 0.65625 0.2734375 0.654296875 0.275390625 0.65234375 0.275390625 0.65234375 0.27734375 0.654296875 0.279296875 0.658203125 0.279296875 0.66015625 0.27734375 0.662109375 0.27734375 0.662109375 0.2734375
0 0.515625 0.109375 0.513671875 0.111328125 0.513671875 0.11328125 0.51171875 0.115234375 0.5078125 0.115234375 0.50390625 0.119140625 0.50390625 0.12109375 0.505859375 0.123046875 0.5078125 0.123046875 0.51171875 0.119140625 0.513671875 0.119140625 0.513671875 0.1171875 0.515625 0.115234375 0.517578125 0.115234375 0.51953125 0.11328125 0.51953125 0.111328125 0.517578125 0.109375
0 0.521484375 0.0703125 0.521484375 0.072265625 0.51953125 0.07421875 0.517578125 0.07421875 0.517578125 0.078125 0.521484375 0.078125 0.529296875 0.0703125
0 0.462890625 0.041015625 0.4609375 0.04296875 0.4609375 0.044921875 0.462890625 0.044921875 0.466796875 0.041015625 0.470703125 0.041015625
