0 0.279296875 0.990234375 0.27734375 0.9921875 0.283203125 0.998046875 0.302734375 0.998046875 0.306640625 0.994140625 0.306640625 0.9921875 0.3046875 0.9921875 0.302734375 0.990234375
0 0.263671875 0.978515625 0.2578125 0.984375 0.2578125 0.9921875 0.259765625 0.994140625 0.26171875 0.994140625 0.26953125 0.986328125 0.26953125 0.98046875 0.267578125 0.978515625
0 0.28515625 0.97265625 0.283203125 0.974609375 0.283203125 0.9765625 0.287109375 0.98046875 0.30078125 0.98046875 0.302734375 0.982421875 0.306640625 0.982421875 0.30859375 0.984375 0.3125 0.98046875 0.314453125 0.98046875 0.314453125 0.9765625 0.310546875 0.97265625
0 0.041015625 0.955078125 0.041015625 0.95703125 0.0390625 0.958984375 0.0390625 0.9609375 0.041015625 0.962890625 0.041015625 0.970703125 0.04296875 0.97265625 0.04296875 0.974609375 0.0546875 0.986328125 0.056640625 0.986328125 0.056640625 0.982421875 0.052734375 0.978515625 0.052734375 0.9765625 0.046875 0.970703125 0.046875 0.958984375 0.044921875 0.95703125 0.04296875 0.95703125
0 0.134765625 0.763671875 0.1328125 0.765625 0.130859375 0.765625 0.130859375 0.76953125 0.13671875 0.76953125 0.138671875 0.767578125 0.138671875 0.765625 0.13671875 0.763671875
0 0.029296875 0.720703125 0.0234375 0.7265625 0.0234375 0.734375 0.025390625 0.736328125 0.02734375 0.736328125 0.029296875 0.73828125 0.03515625 0.73828125 0.033203125 0.736328125 0.033203125 0.734375 0.03125 0.732421875 0.03125 0.72265625
0 0.287109375 0.669921875 0.28515625 0.671875 0.283203125 0.671875 0.28125 0.673828125 0.28125 0.67578125 0.279296875 0.677734375 0.279296875 0.68359375 0.283203125 0.68359375 0.28515625 0.681640625 0.28515625 0.67578125 0.287109375 0.673828125
0 0.2265625 0.587890625 0.224609375 0.58984375 0.220703125 0.58984375 0.21875 0.591796875 0.212890625 0.591796875 0.20703125 0.59765625 0.20703125 0.599609375 0.205078125 0.6015625 0.20703125 0.603515625 0.20703125 0.60546875 0.21484375 0.60546875 0.216796875 0.603515625 0.22265625 0.603515625 0.224609375 0.6015625 0.2265625 0.6015625 0.228515625 0.599609375 0.23046875 0.599609375 0.236328125 0.59375 0.236328125 0.591796875 0.23828125 0.58984375 0.236328125 0.587890625
0 0.064453125 0.5625 0.060546875 0.56640625 0.060546875 0.568359375 0.05859375 0.5703125 0.05859375 0.57421875 0.056640625 0.576171875 0.056640625 0.5859375 0.0546875 0.587890625 0.0546875 0.591796875 0.05078125 0.595703125 0.05078125 0.59765625 0.048828125 0.599609375 0.048828125 0.6015625 0.046875 0.603515625 0.046875 0.607421875 0.044921875 0.609375 0.044921875 0.611328125 0.05078125 0.611328125 0.05859375 0.603515625 0.05859375 0.6015625 0.060546875 0.599609375 0.060546875 0.59765625 0.0625 0.595703125 0.0625 0.59375 0.064453125 0.591796875 0.064453125 0.587890625 0.072265625 0.580078125 0.072265625 0.578125 0.07421875 0.576171875 0.072265625 0.57421875 0.072265625 0.572265625 0.0703125 0.5703125 0.0703125 0.568359375
0 0.068359375 0.484375 0.06640625 0.486328125 0.064453125 0.486328125 0.0625 0.48828125 0.056640625 0.48828125 0.0546875 0.490234375 0.048828125 0.490234375 0.046875 0.4921875 0.044921875 0.4921875 0.041015625 0.49609375 0.041015625 0.5 0.04296875 0.5 0.044921875 0.501953125 0.048828125 0.501953125 0.05078125 0.5 0.052734375 0.5 0.0546875 0.498046875 0.05859375 0.498046875 0.060546875 0.49609375 0.0625 0.49609375 0.064453125 0.494140625 0.06640625 0.494140625 0.068359375 0.4921875 0.0703125 0.4921875 0.072265625 0.490234375 0.07421875 0.490234375 0.076171875 0.48828125 0.08203125 0.48828125 0.08203125 0.484375
0 0.05078125 0.4140625 0.048828125 0.416015625 0.044921875 0.416015625 0.041015625 0.419921875 0.041015625 0.421875 0.04296875 0.423828125 0.048828125 0.423828125 0.05078125 0.42578125 0.05859375 0.42578125 0.060546875 0.427734375 0.06640625 0.427734375 0.068359375 0.4296875 0.0703125 0.4296875 0.072265625 0.427734375 0.072265625 0.423828125 0.0703125 0.421875 0.0703125 0.419921875 0.068359375 0.419921875 0.06640625 0.41796875 0.0546875 0.41796875
0 0.271484375 0.28125 0.26953125 0.283203125 0.26953125 0.294921875 0.271484375 0.296875 0.271484375 0.302734375 0.2734375 0.3046875 0.2734375 0.3125 0.275390625 0.314453125 0.275390625 0.3203125 0.27734375 0.322265625 0.27734375 0.330078125 0.279296875 0.33203125 0.279296875 0.33984375 0.283203125 0.33984375 0.287109375 0.3359375 0.2890625 0.3359375 0.287109375 0.333984375 0.287109375 0.328125 0.28515625 0.326171875 0.28515625 0.3203125 0.283203125 0.318359375 0.283203125 0.31640625 0.28125 0.314453125 0.28125 0.3125 0.27734375 0.30859375 0.27734375 0.3046875 0.275390625 0.302734375 0.275390625 0.29296875 0.2734375 0.291015625 0.2734375 0.28515625 0.271484375 0.283203125
0 0.232421875 0.267578125 0.232421875 0.271484375 0.234375 0.2734375 0.234375 0.279296875 0.236328125 0.28125 0.236328125 0.287109375 0.23828125 0.2890625 0.23828125 0.291015625 0.240234375 0.29296875 0.240234375 0.296875 0.2421875 0.298828125 0.2421875 0.30078125 0.244140625 0.302734375 0.244140625 0.30859375 0.24609375 0.310546875 0.24609375 0.318359375 0.248046875 0.3203125 0.248046875 0.322265625 0.25 0.32421875 0.251953125 0.32421875 0.25390625 0.322265625 0.25390625 0.3125 0.251953125 0.310546875 0.251953125 0.30859375 0.25 0.306640625 0.25 0.3046875 0.24609375 0.30078125 0.24609375 0.294921875 0.244140625 0.29296875 0.244140625 0.287109375 0.2421875 0.28515625 0.2421875 0.279296875 0.240234375 0.27734375 0.240234375 0.26953125 0.23828125 0.267578125
0 0.5 0.197265625 0.498046875 0.19921875 0.490234375 0.19921875 0.48828125 0.201171875 0.486328125 0.201171875 0.47265625 0.21484375 0.470703125 0.21484375 0.462890625 0.22265625 0.46484375 0.224609375 0.46484375 0.228515625 0.46875 0.228515625 0.470703125 0.2265625 0.47265625 0.2265625 0.474609375 0.224609375 0.4765625 0.224609375 0.478515625 0.22265625 0.48046875 0.22265625 0.484375 0.21875 0.486328125 0.21875 0.48828125 0.216796875 0.490234375 0.216796875 0.501953125 0.205078125 0.501953125 0.203125 0.50390625 0.201171875 0.50390625 0.197265625
0 0.55078125 0.1875 0.55078125 0.201171875 0.552734375 0.203125 0.552734375 0.205078125 0.5546875 0.20703125 0.5546875 0.208984375 0.556640625 0.2109375 0.556640625 0.21484375 0.55859375 0.216796875 0.55859375 0.220703125 0.564453125 0.2265625 0.568359375 0.2265625 0.5703125 0.224609375 0.5703125 0.21484375 0.568359375 0.212890625 0.568359375 0.208984375 0.56640625 0.20703125 0.564453125 0.20703125 0.556640625 0.19921875 0.556640625 0.19140625 0.552734375 0.1875
