0 0.302734375 0.87890625 0.302734375 0.880859375 0.3046875 0.8828125 0.3046875 0.87890625
0 0.31640625 0.86328125 0.314453125 0.865234375 0.30859375 0.865234375 0.30859375 0.8671875 0.314453125 0.8671875 0.31640625 0.869140625 0.3203125 0.869140625 0.322265625 0.87109375 0.32421875 0.87109375 0.326171875 0.873046875 0.3359375 0.873046875 0.3359375 0.869140625 0.333984375 0.869140625 0.33203125 0.8671875 0.33203125 0.865234375 0.328125 0.865234375 0.326171875 0.8671875 0.32421875 0.865234375 0.322265625 0.865234375 0.3203125 0.86328125
0 0.298828125 0.853515625 0.298828125 0.85546875 0.30078125 0.85546875 0.302734375 0.857421875 0.3046875 0.857421875 0.30078125 0.853515625
0 0.28515625 0.84765625 0.28515625 0.849609375 0.287109375 0.849609375 0.2890625 0.8515625 0.2890625 0.853515625 0.2890625 0.8515625 0.29296875 0.84765625
0 0.0859375 0.78125 0.083984375 0.783203125 0.078125 0.783203125 0.076171875 0.78515625 0.07421875 0.78515625 0.0703125 0.7890625 0.068359375 0.7890625 0.064453125 0.79296875 0.0625 0.79296875 0.060546875 0.794921875 0.05859375 0.794921875 0.056640625 0.796875 0.0546875 0.796875 0.048828125 0.802734375 0.044921875 0.802734375 0.04296875 0.8046875 0.041015625 0.8046875 0.041015625 0.806640625 0.037109375 0.810546875 0.037109375 0.814453125 0.03515625 0.81640625 0.03515625 0.8203125 0.037109375 0.8203125 0.0390625 0.822265625 0.0390625 0.82421875 0.041015625 0.826171875 0.041015625 0.830078125 0.0390625 0.83203125 0.0390625 0.8359375 0.037109375 0.837890625 0.037109375 0.83984375 0.0390625 0.841796875 0.04296875 0.841796875 0.044921875 0.84375 0.05078125 0.84375 0.052734375 0.841796875 0.05859375 0.841796875 0.060546875 0.83984375 0.064453125 0.83984375 0.07421875 0.830078125 0.07421875 0.828125 0.076171875 0.826171875 0.076171875 0.82421875 0.078125 0.822265625 0.078125 0.810546875 0.08203125 0.806640625 0.08203125 0.8046875 0.083984375 0.802734375 0.083984375 0.80078125 0.09765625 0.787109375 0.091796875 0.78125
0 0.181640625 0.75 0.181640625 0.751953125 0.18359375 0.75
0 0.123046875 0.75 0.115234375 0.7578125 0.115234375 0.76171875 0.11328125 0.763671875 0.115234375 0.763671875 0.1171875 0.76171875 0.12109375 0.76171875 0.125 0.7578125 0.125 0.755859375 0.126953125 0.75390625 0.125 0.751953125 0.125 0.75
0 0.646484375 0.748046875 0.642578125 0.751953125 0.646484375 0.755859375 0.650390625 0.755859375 0.650390625 0.75390625 0.65234375 0.751953125 0.6484375 0.748046875
0 0.15625 0.732421875 0.150390625 0.73828125 0.14453125 0.73828125 0.142578125 0.740234375 0.138671875 0.740234375 0.13671875 0.7421875 0.13671875 0.744140625 0.138671875 0.74609375 0.142578125 0.7421875 0.1484375 0.7421875 0.15234375 0.73828125 0.158203125 0.73828125 0.16015625 0.736328125 0.16015625 0.734375 0.162109375 0.732421875
0 0.841796875 0.544921875 0.83984375 0.546875 0.83984375 0.548828125 0.837890625 0.55078125 0.837890625 0.55859375 0.8359375 0.560546875 0.8359375 0.564453125 0.830078125 0.5703125 0.830078125 0.57421875 0.83203125 0.57421875 0.833984375 0.572265625 0.833984375 0.568359375 0.8359375 0.56640625 0.837890625 0.56640625 0.84375 0.572265625 0.84375 0.578125 0.84375 0.572265625 0.849609375 0.56640625 0.849609375 0.560546875 0.85546875 0.5546875 0.85546875 0.552734375 0.8515625 0.552734375 0.845703125 0.546875 0.845703125 0.544921875
0 0.15234375 0.427734375 0.150390625 0.4296875 0.1484375 0.4296875 0.142578125 0.435546875 0.138671875 0.435546875 0.13671875 0.4375 0.13671875 0.44140625 0.140625 0.44140625 0.140625 0.4375 0.142578125 0.435546875 0.150390625 0.435546875 0.15234375 0.43359375
0 0.56640625 0.3671875 0.56640625 0.37109375 0.564453125 0.373046875 0.564453125 0.37890625 0.5703125 0.37890625 0.5703125 0.375 0.568359375 0.375 0.56640625 0.373046875
0 0.70703125 0.3125 0.705078125 0.314453125 0.705078125 0.31640625 0.703125 0.318359375 0.703125 0.322265625 0.70703125 0.322265625 0.708984375 0.3203125 0.708984375 0.314453125
0 0.1796875 0.296875 0.177734375 0.298828125 0.177734375 0.30078125 0.181640625 0.3046875 0.18359375 0.3046875 0.18359375 0.302734375 0.185546875 0.30078125 0.185546875 0.298828125 0.18359375 0.296875
0 0.15625 0.2734375 0.154296875 0.275390625 0.15234375 0.275390625 0.15234375 0.27734375 0.154296875 0.279296875 0.158203125 0.279296875 0.16015625 0.27734375 0.162109375 0.27734375 0.162109375 0.2734375
0 0.677734375 0.19921875 0.673828125 0.203125 0.669921875 0.203125 0.677734375 0.203125 0.6796875 0.205078125 0.681640625 0.203125 0.68359375 0.203125 0.6796875 0.19921875
0 0.578125 0.173828125 0.57421875 0.177734375 0.572265625 0.177734375 0.572265625 0.1796875 0.57421875 0.181640625 0.57421875 0.1796875 0.578125 0.17578125 0.580078125 0.17578125 0.580078125 0.173828125
0 0.630859375 0.16015625 0.625 0.166015625 0.62109375 0.166015625 0.623046875 0.16796875 0.623046875 0.169921875 0.625 0.169921875 0.625 0.16796875 0.62890625 0.1640625 0.630859375 0.1640625 0.6328125 0.162109375 0.6328125 0.16015625
0 0.015625 0.109375 0.013671875 0.111328125 0.013671875 0.11328125 0.01171875 0.115234375 0.0078125 0.115234375 0.00390625 0.119140625 0.00390625 0.12109375 0.005859375 0.123046875 0.0078125 0.123046875 0.01171875 0.119140625 0.013671875 0.119140625 0.013671875 0.1171875 0.015625 0.115234375 0.017578125 0.115234375 0.01953125 0.11328125 0.01953125 0.111328125 0.017578125 0.109375
0 0.703125 0.1015625 0.701171875 0.103515625 0.69921875 0.103515625 0.69921875 0.10546875 0.703125 0.10546875 0.705078125 0.103515625 0.70703125 0.103515625 0.70703125 0.1015625
0 0.021484375 0.0703125 0.021484375 0.072265625 0.01953125 0.07421875 0.017578125 0.07421875 0.017578125 0.078125 0.021484375 0.078125 0.029296875 0.0703125
