0 0.859375 0.373046875 0.859375 0.376953125 0.865234375 0.3828125 0.8671875 0.3828125 0.869140625 0.384765625 0.87109375 0.384765625 0.880859375 0.39453125 0.8828125 0.39453125 0.884765625 0.396484375 0.888671875 0.396484375 0.890625 0.3984375 0.904296875 0.3984375 0.90625 0.396484375 0.908203125 0.396484375 0.91015625 0.39453125 0.91015625 0.390625 0.908203125 0.388671875 0.90625 0.388671875 0.904296875 0.38671875 0.90234375 0.38671875 0.8984375 0.3828125 0.8984375 0.380859375 0.896484375 0.380859375 0.89453125 0.37890625 0.892578125 0.37890625 0.890625 0.376953125 0.884765625 0.376953125 0.8828125 0.375 0.876953125 0.375 0.875 0.373046875
0 0.96484375 0.365234375 0.962890625 0.3671875 0.951171875 0.3671875 0.94921875 0.369140625 0.947265625 0.369140625 0.947265625 0.375 0.94921875 0.376953125 0.951171875 0.376953125 0.953125 0.37890625 0.955078125 0.376953125 0.96875 0.376953125 0.970703125 0.375 0.974609375 0.375 0.9765625 0.373046875 0.982421875 0.373046875 0.986328125 0.369140625 0.986328125 0.3671875 0.98828125 0.365234375 0.982421875 0.365234375 0.98046875 0.3671875 0.96875 0.3671875 0.966796875 0.365234375
0 0.517578125 0.34375 0.515625 0.345703125 0.51171875 0.345703125 0.509765625 0.34765625 0.501953125 0.34765625 0.5 0.349609375 0.5 0.3515625 0.5078125 0.3515625 0.509765625 0.349609375 0.515625 0.349609375 0.51953125 0.353515625 0.51953125 0.35546875 0.525390625 0.361328125 0.52734375 0.359375 0.52734375 0.357421875 0.529296875 0.35546875 0.529296875 0.3515625 0.52734375 0.349609375 0.52734375 0.345703125 0.525390625 0.34375
0 0.9609375 0.333984375 0.958984375 0.3359375 0.955078125 0.3359375 0.953125 0.337890625 0.951171875 0.337890625 0.94921875 0.33984375 0.947265625 0.33984375 0.943359375 0.34375 0.943359375 0.345703125 0.9453125 0.34765625 0.947265625 0.34765625 0.94921875 0.345703125 0.951171875 0.345703125 0.953125 0.34375 0.95703125 0.34375 0.958984375 0.341796875 0.9609375 0.341796875 0.962890625 0.33984375 0.96484375 0.33984375 0.96484375 0.337890625
0 0.994140625 0.271484375 0.9921875 0.2734375 0.986328125 0.2734375 0.984375 0.275390625 0.982421875 0.275390625 0.98046875 0.27734375 0.978515625 0.27734375 0.974609375 0.28125 0.97265625 0.28125 0.96484375 0.2890625 0.96484375 0.291015625 0.96875 0.291015625 0.970703125 0.2890625 0.97265625 0.2890625 0.974609375 0.287109375 0.9765625 0.287109375 0.978515625 0.28515625 0.98046875 0.28515625 0.982421875 0.283203125 0.984375 0.283203125 0.986328125 0.28125 0.98828125 0.28125 0.990234375 0.279296875 0.9921875 0.279296875 0.994140625 0.27734375 0.998046875 0.27734375 0.998046875 0.271484375
0 0.87890625 0.255859375 0.87890625 0.2578125 0.876953125 0.259765625 0.87890625 0.26171875 0.880859375 0.26171875 0.8828125 0.263671875 0.884765625 0.263671875 0.88671875 0.265625 0.888671875 0.265625 0.890625 0.267578125 0.892578125 0.267578125 0.896484375 0.271484375 0.8984375 0.271484375 0.900390625 0.2734375 0.904296875 0.2734375 0.91015625 0.279296875 0.912109375 0.279296875 0.91796875 0.28515625 0.91796875 0.287109375 0.921875 0.291015625 0.921875 0.29296875 0.923828125 0.294921875 0.923828125 0.296875 0.92578125 0.298828125 0.92578125 0.302734375 0.927734375 0.3046875 0.927734375 0.306640625 0.9296875 0.30859375 0.9296875 0.310546875 0.931640625 0.3125 0.931640625 0.314453125 0.935546875 0.318359375 0.935546875 0.3203125 0.939453125 0.3203125 0.94140625 0.322265625 0.94140625 0.310546875 0.939453125 0.30859375 0.939453125 0.306640625 0.9375 0.3046875 0.9375 0.30078125 0.935546875 0.298828125 0.935546875 0.294921875 0.93359375 0.29296875 0.93359375 0.291015625 0.931640625 0.2890625 0.931640625 0.287109375 0.9296875 0.28515625 0.9296875 0.283203125 0.927734375 0.283203125 0.92578125 0.28125 0.923828125 0.28125 0.919921875 0.27734375 0.91796875 0.27734375 0.916015625 0.275390625 0.9140625 0.275390625 0.912109375 0.2734375 0.91015625 0.2734375 0.908203125 0.271484375 0.904296875 0.271484375 0.90234375 0.26953125 0.900390625 0.26953125 0.8984375 0.267578125 0.896484375 0.267578125 0.89453125 0.265625 0.890625 0.265625 0.88671875 0.26171875 0.884765625 0.26171875
0 0.232421875 0.216796875 0.23046875 0.21875 0.228515625 0.21875 0.2265625 0.220703125 0.224609375 0.220703125 0.212890625 0.232421875 0.212890625 0.234375 0.2109375 0.236328125 0.2109375 0.23828125 0.21484375 0.23828125 0.232421875 0.220703125 0.232421875 0.21875 0.234375 0.216796875
0 0.154296875 0.1953125 0.15234375 0.197265625 0.15234375 0.19921875 0.1484375 0.203125 0.146484375 0.203125 0.146484375 0.205078125 0.14453125 0.20703125 0.14453125 0.208984375 0.146484375 0.208984375 0.1484375 0.2109375 0.150390625 0.208984375 0.15234375 0.208984375 0.16015625 0.201171875 0.16015625 0.1953125
0 0.2734375 0.134765625 0.271484375 0.13671875 0.271484375 0.146484375 0.26953125 0.1484375 0.26953125 0.162109375 0.267578125 0.1640625 0.267578125 0.16796875 0.265625 0.169921875 0.265625 0.171875 0.263671875 0.173828125 0.263671875 0.1796875 0.26171875 0.181640625 0.263671875 0.18359375 0.263671875 0.1875 0.265625 0.1875 0.267578125 0.185546875 0.26953125 0.185546875 0.26953125 0.18359375 0.271484375 0.181640625 0.271484375 0.1796875 0.2734375 0.177734375 0.2734375 0.173828125 0.275390625 0.171875 0.275390625 0.169921875 0.27734375 0.16796875 0.27734375 0.1640625 0.279296875 0.162109375 0.279296875 0.140625 0.27734375 0.138671875 0.27734375 0.13671875 0.275390625 0.134765625
0 0.73046875 0.0 0.7265625 0.00390625 0.724609375 0.00390625 0.716796875 0.01171875 0.716796875 0.013671875 0.712890625 0.017578125 0.712890625 0.01953125 0.708984375 0.0234375 0.708984375 0.025390625 0.70703125 0.02734375 0.70703125 0.029296875 0.71484375 0.029296875 0.716796875 0.02734375 0.71875 0.02734375 0.720703125 0.025390625 0.720703125 0.0234375 0.72265625 0.021484375 0.72265625 0.015625 0.724609375 0.013671875 0.724609375 0.01171875 0.736328125 0.0
0 0.654296875 0.0 0.654296875 0.00390625 0.65625 0.00390625 0.658203125 0.001953125 0.662109375 0.001953125 0.6640625 0.0 0.666015625 0.0
