0 0.60546875 0.87890625 0.603515625 0.880859375 0.6015625 0.880859375 0.599609375 0.8828125 0.599609375 0.888671875 0.59765625 0.890625 0.595703125 0.890625 0.59375 0.892578125 0.591796875 0.892578125 0.58984375 0.89453125 0.58984375 0.8984375 0.591796875 0.900390625 0.591796875 0.90234375 0.59375 0.904296875 0.6015625 0.904296875 0.6015625 0.900390625 0.603515625 0.8984375 0.603515625 0.892578125 0.60546875 0.890625 0.61328125 0.890625 0.615234375 0.892578125 0.619140625 0.888671875 0.619140625 0.88671875 0.6171875 0.884765625 0.6171875 0.8828125 0.615234375 0.880859375 0.61328125 0.880859375 0.611328125 0.87890625
0 0.353515625 0.82421875 0.353515625 0.830078125 0.349609375 0.833984375 0.341796875 0.833984375 0.341796875 0.83984375 0.349609375 0.83984375 0.3515625 0.841796875 0.353515625 0.841796875 0.36328125 0.8515625 0.365234375 0.8515625 0.369140625 0.84765625 0.369140625 0.84375 0.37109375 0.841796875 0.380859375 0.841796875 0.3828125 0.83984375 0.3828125 0.837890625 0.380859375 0.8359375 0.37890625 0.8359375 0.376953125 0.833984375 0.373046875 0.833984375 0.369140625 0.830078125 0.369140625 0.828125 0.365234375 0.82421875
0 0.896484375 0.8125 0.892578125 0.81640625 0.892578125 0.818359375 0.890625 0.8203125 0.890625 0.837890625 0.892578125 0.83984375 0.896484375 0.83984375 0.8984375 0.837890625 0.8984375 0.8359375 0.900390625 0.833984375 0.900390625 0.830078125 0.90625 0.82421875 0.90625 0.818359375 0.904296875 0.81640625 0.904296875 0.814453125 0.900390625 0.814453125 0.8984375 0.8125
0 0.9375 0.796875 0.935546875 0.798828125 0.93359375 0.798828125 0.93359375 0.802734375 0.931640625 0.8046875 0.931640625 0.810546875 0.9296875 0.8125 0.9296875 0.8203125 0.927734375 0.822265625 0.927734375 0.83203125 0.9296875 0.833984375 0.9296875 0.837890625 0.931640625 0.83984375 0.935546875 0.83984375 0.9375 0.841796875 0.9453125 0.841796875 0.947265625 0.83984375 0.9453125 0.837890625 0.9453125 0.830078125 0.943359375 0.828125 0.9453125 0.826171875 0.9453125 0.8125 0.947265625 0.810546875 0.947265625 0.80859375 0.9453125 0.806640625 0.9453125 0.802734375 0.943359375 0.80078125 0.94140625 0.80078125 0.939453125 0.798828125 0.939453125 0.796875
0 0.625 0.71875 0.619140625 0.724609375 0.619140625 0.73046875 0.62109375 0.732421875 0.62109375 0.734375 0.623046875 0.736328125 0.626953125 0.736328125 0.62890625 0.73828125 0.6328125 0.73828125 0.63671875 0.734375 0.63671875 0.732421875 0.6328125 0.728515625 0.6328125 0.724609375 0.630859375 0.72265625 0.630859375 0.720703125 0.62890625 0.71875
0 0.765625 0.6796875 0.767578125 0.681640625 0.767578125 0.68359375 0.771484375 0.6875 0.7734375 0.6875 0.775390625 0.689453125 0.775390625 0.693359375 0.7734375 0.6953125 0.7734375 0.69921875 0.77734375 0.703125 0.791015625 0.703125 0.79296875 0.701171875 0.794921875 0.701171875 0.794921875 0.693359375 0.791015625 0.689453125 0.78515625 0.689453125 0.783203125 0.69140625 0.78125 0.69140625 0.775390625 0.685546875 0.775390625 0.68359375 0.771484375 0.6796875
0 0.79296875 0.669921875 0.787109375 0.67578125 0.787109375 0.677734375 0.78515625 0.6796875 0.78515625 0.68359375 0.7890625 0.68359375 0.791015625 0.685546875 0.79296875 0.685546875 0.794921875 0.68359375 0.794921875 0.681640625 0.796875 0.6796875 0.806640625 0.6796875 0.806640625 0.673828125 0.802734375 0.669921875
0 0.072265625 0.650390625 0.072265625 0.65234375 0.068359375 0.65625 0.05859375 0.65625 0.060546875 0.658203125 0.0625 0.658203125 0.06640625 0.662109375 0.06640625 0.6640625 0.0703125 0.66796875 0.072265625 0.66796875 0.07421875 0.666015625 0.08203125 0.666015625 0.087890625 0.66015625 0.087890625 0.65625 0.083984375 0.65234375 0.078125 0.65234375 0.076171875 0.650390625
0 0.533203125 0.642578125 0.53125 0.64453125 0.529296875 0.64453125 0.5234375 0.650390625 0.5234375 0.654296875 0.52734375 0.658203125 0.5390625 0.658203125 0.541015625 0.66015625 0.541015625 0.666015625 0.54296875 0.66796875 0.544921875 0.66796875 0.546875 0.669921875 0.552734375 0.669921875 0.5546875 0.66796875 0.556640625 0.66796875 0.556640625 0.6640625 0.5546875 0.662109375 0.5546875 0.65625 0.552734375 0.65625 0.548828125 0.65234375 0.548828125 0.64453125 0.546875 0.64453125 0.544921875 0.642578125
0 0.830078125 0.603515625 0.826171875 0.607421875 0.826171875 0.611328125 0.83203125 0.6171875 0.833984375 0.6171875 0.837890625 0.62109375 0.837890625 0.638671875 0.841796875 0.638671875 0.84375 0.63671875 0.845703125 0.63671875 0.845703125 0.625 0.84375 0.623046875 0.84375 0.6171875 0.841796875 0.615234375 0.841796875 0.61328125 0.83984375 0.611328125 0.83984375 0.609375 0.8359375 0.60546875 0.83203125 0.60546875
0 0.7578125 0.587890625 0.755859375 0.58984375 0.75390625 0.58984375 0.744140625 0.599609375 0.744140625 0.6015625 0.7421875 0.603515625 0.7421875 0.609375 0.73828125 0.61328125 0.734375 0.61328125 0.732421875 0.615234375 0.73046875 0.615234375 0.73046875 0.625 0.736328125 0.630859375 0.740234375 0.630859375 0.7421875 0.6328125 0.748046875 0.6328125 0.75 0.634765625 0.755859375 0.634765625 0.7578125 0.63671875 0.759765625 0.63671875 0.765625 0.642578125 0.76953125 0.642578125 0.771484375 0.640625 0.771484375 0.634765625 0.76953125 0.634765625 0.765625 0.630859375 0.763671875 0.630859375 0.76171875 0.62890625 0.76171875 0.626953125 0.759765625 0.625 0.759765625 0.623046875 0.763671875 0.619140625 0.767578125 0.619140625 0.76953125 0.62109375 0.7734375 0.62109375 0.775390625 0.623046875 0.77734375 0.623046875 0.779296875 0.625 0.78125 0.625 0.787109375 0.630859375 0.787109375 0.634765625 0.7890625 0.63671875 0.79296875 0.63671875 0.794921875 0.638671875 0.822265625 0.638671875 0.822265625 0.630859375 0.818359375 0.626953125 0.81640625 0.626953125 0.814453125 0.625 0.8125 0.625 0.810546875 0.623046875 0.80859375 0.623046875 0.806640625 0.62109375 0.8046875 0.62109375 0.796875 0.61328125 0.796875 0.603515625 0.794921875 0.6015625 0.794921875 0.599609375 0.79296875 0.59765625 0.791015625 0.59765625 0.7890625 0.595703125 0.78515625 0.595703125 0.783203125 0.59375 0.779296875 0.59375 0.77734375 0.591796875 0.775390625 0.591796875 0.7734375 0.58984375 0.771484375 0.58984375 0.76953125 0.587890625
0 0.26171875 0.546875 0.259765625 0.548828125 0.259765625 0.55859375 0.2578125 0.560546875 0.2578125 0.5625 0.255859375 0.564453125 0.25390625 0.564453125 0.25390625 0.56640625 0.251953125 0.568359375 0.251953125 0.5703125 0.25 0.572265625 0.25 0.580078125 0.251953125 0.58203125 0.251953125 0.583984375 0.259765625 0.583984375 0.263671875 0.580078125 0.267578125 0.580078125 0.271484375 0.583984375 0.271484375 0.5859375 0.27734375 0.5859375 0.28125 0.58203125 0.28125 0.580078125 0.287109375 0.57421875 0.2890625 0.576171875 0.291015625 0.576171875 0.294921875 0.580078125 0.296875 0.578125 0.296875 0.56640625 0.294921875 0.564453125 0.291015625 0.564453125 0.287109375 0.568359375 0.28515625 0.56640625 0.27734375 0.56640625 0.275390625 0.564453125 0.2734375 0.564453125 0.271484375 0.5625 0.271484375 0.560546875 0.26953125 0.55859375 0.26953125 0.556640625 0.265625 0.552734375 0.265625 0.55078125 0.263671875 0.548828125 0.263671875 0.546875
0 0.49609375 0.376953125 0.49609375 0.3828125 0.498046875 0.384765625 0.498046875 0.38671875 0.5 0.388671875 0.501953125 0.388671875 0.50390625 0.390625 0.50390625 0.392578125 0.505859375 0.39453125 0.5078125 0.39453125 0.5078125 0.390625 0.513671875 0.384765625 0.513671875 0.3828125 0.515625 0.380859375 0.515625 0.37890625 0.513671875 0.376953125
