0 0.685546875 0.962890625 0.68359375 0.96484375 0.685546875 0.966796875 0.6875 0.966796875 0.6875 0.962890625
0 0.6640625 0.947265625 0.6640625 0.94921875 0.658203125 0.955078125 0.658203125 0.95703125 0.66015625 0.95703125 0.66015625 0.955078125 0.662109375 0.953125 0.6640625 0.953125 0.666015625 0.951171875 0.6640625 0.94921875 0.666015625 0.947265625
0 0.64453125 0.94140625 0.64453125 0.943359375 0.640625 0.947265625 0.640625 0.951171875 0.642578125 0.951171875 0.642578125 0.94921875 0.646484375 0.9453125 0.6484375 0.9453125 0.6484375 0.94140625
0 0.587890625 0.939453125 0.587890625 0.94140625 0.583984375 0.9453125 0.58203125 0.9453125 0.578125 0.94921875 0.578125 0.951171875 0.580078125 0.953125 0.58203125 0.953125 0.583984375 0.951171875 0.591796875 0.958984375 0.591796875 0.9609375 0.59765625 0.966796875 0.59765625 0.96875 0.611328125 0.982421875 0.6171875 0.982421875 0.6171875 0.98046875 0.62109375 0.9765625 0.62109375 0.974609375 0.615234375 0.96875 0.611328125 0.96875 0.609375 0.966796875 0.609375 0.96484375 0.607421875 0.962890625 0.607421875 0.9609375 0.60546875 0.958984375 0.60546875 0.95703125 0.59765625 0.94921875 0.59765625 0.947265625 0.58984375 0.939453125
0 0.537109375 0.90625 0.53125 0.912109375 0.529296875 0.912109375 0.52734375 0.9140625 0.529296875 0.9140625 0.533203125 0.91796875 0.533203125 0.919921875 0.537109375 0.916015625 0.541015625 0.916015625 0.54296875 0.9140625 0.546875 0.9140625 0.548828125 0.912109375 0.55078125 0.912109375 0.552734375 0.91015625 0.5546875 0.91015625 0.556640625 0.908203125 0.55859375 0.908203125 0.55859375 0.90625 0.5546875 0.90625 0.552734375 0.908203125 0.544921875 0.908203125 0.54296875 0.90625
0 0.26953125 0.90234375 0.267578125 0.904296875 0.267578125 0.9140625 0.26953125 0.916015625 0.267578125 0.91796875 0.267578125 0.919921875 0.265625 0.921875 0.265625 0.923828125 0.255859375 0.93359375 0.25390625 0.93359375 0.251953125 0.935546875 0.2578125 0.935546875 0.259765625 0.9375 0.263671875 0.9375 0.265625 0.935546875 0.265625 0.931640625 0.263671875 0.9296875 0.263671875 0.927734375 0.267578125 0.923828125 0.26953125 0.923828125 0.271484375 0.921875 0.271484375 0.916015625 0.26953125 0.9140625 0.271484375 0.912109375 0.271484375 0.91015625 0.2734375 0.908203125 0.2734375 0.90234375
0 0.580078125 0.88671875 0.576171875 0.890625 0.572265625 0.890625 0.572265625 0.892578125 0.568359375 0.896484375 0.568359375 0.904296875 0.5703125 0.90234375 0.5703125 0.900390625 0.58203125 0.888671875 0.583984375 0.888671875 0.5859375 0.88671875
0 0.384765625 0.87109375 0.380859375 0.875 0.37890625 0.875 0.376953125 0.876953125 0.375 0.876953125 0.376953125 0.87890625 0.376953125 0.880859375 0.37890625 0.880859375 0.3828125 0.884765625 0.3828125 0.88671875 0.380859375 0.888671875 0.380859375 0.890625 0.37890625 0.892578125 0.37890625 0.90234375 0.373046875 0.908203125 0.373046875 0.92578125 0.375 0.927734375 0.375 0.93359375 0.376953125 0.93359375 0.37890625 0.935546875 0.3828125 0.931640625 0.3828125 0.919921875 0.380859375 0.91796875 0.380859375 0.916015625 0.37890625 0.9140625 0.37890625 0.91015625 0.380859375 0.908203125 0.380859375 0.900390625 0.384765625 0.896484375 0.384765625 0.89453125 0.38671875 0.892578125 0.38671875 0.88671875 0.390625 0.8828125 0.390625 0.880859375 0.392578125 0.87890625 0.392578125 0.873046875 0.390625 0.873046875 0.388671875 0.87109375
0 0.6328125 0.857421875 0.630859375 0.859375 0.62890625 0.859375 0.626953125 0.861328125 0.625 0.861328125 0.623046875 0.86328125 0.623046875 0.865234375 0.619140625 0.869140625 0.6171875 0.869140625 0.615234375 0.87109375 0.61328125 0.87109375 0.611328125 0.873046875 0.611328125 0.875 0.6171875 0.875 0.62109375 0.87890625 0.619140625 0.880859375 0.619140625 0.88671875 0.6171875 0.888671875 0.61328125 0.888671875 0.61328125 0.890625 0.615234375 0.890625 0.6171875 0.892578125 0.62109375 0.892578125 0.623046875 0.89453125 0.625 0.892578125 0.625 0.888671875 0.626953125 0.88671875 0.626953125 0.880859375 0.62890625 0.87890625 0.62890625 0.876953125 0.630859375 0.875 0.630859375 0.873046875 0.6328125 0.87109375 0.6328125 0.865234375 0.63671875 0.861328125 0.63671875 0.857421875
0 0.376953125 0.84375 0.376953125 0.845703125 0.375 0.84765625 0.375 0.857421875 0.376953125 0.859375 0.37890625 0.859375 0.37890625 0.853515625 0.380859375 0.8515625 0.380859375 0.84375
0 0.32421875 0.78125 0.328125 0.78515625 0.330078125 0.78515625 0.330078125 0.783203125 0.33203125 0.78125
0 0.25 0.751953125 0.25 0.755859375 0.24609375 0.759765625 0.24609375 0.775390625 0.248046875 0.77734375 0.251953125 0.77734375 0.25390625 0.775390625 0.25390625 0.76953125 0.26171875 0.76171875 0.26171875 0.759765625 0.263671875 0.7578125 0.263671875 0.75390625 0.26171875 0.751953125
0 0.548828125 0.70703125 0.546875 0.708984375 0.546875 0.71484375 0.548828125 0.716796875 0.548828125 0.71875 0.552734375 0.72265625 0.5546875 0.72265625 0.556640625 0.724609375 0.55859375 0.724609375 0.560546875 0.7265625 0.56640625 0.7265625 0.568359375 0.728515625 0.5703125 0.728515625 0.5703125 0.7265625 0.572265625 0.724609375 0.5703125 0.72265625 0.5703125 0.71875 0.568359375 0.716796875 0.56640625 0.716796875 0.564453125 0.71875 0.5625 0.71875 0.560546875 0.720703125 0.556640625 0.720703125 0.552734375 0.716796875 0.552734375 0.71484375 0.55078125 0.712890625 0.55078125 0.708984375
0 0.490234375 0.126953125 0.48828125 0.12890625 0.486328125 0.12890625 0.484375 0.130859375 0.482421875 0.130859375 0.4765625 0.13671875 0.474609375 0.13671875 0.470703125 0.140625 0.470703125 0.142578125 0.46484375 0.1484375 0.46484375 0.150390625 0.462890625 0.15234375 0.462890625 0.154296875 0.46875 0.154296875 0.478515625 0.14453125 0.486328125 0.14453125 0.48828125 0.146484375 0.4921875 0.142578125 0.4921875 0.134765625 0.49609375 0.130859375 0.49609375 0.126953125
