0 0.76171875 0.7421875 0.759765625 0.744140625 0.759765625 0.74609375 0.7578125 0.748046875 0.7578125 0.75 0.76171875 0.75 0.763671875 0.748046875 0.763671875 0.7421875
0 0.8515625 0.673828125 0.8515625 0.677734375 0.849609375 0.6796875 0.845703125 0.6796875 0.845703125 0.68359375 0.849609375 0.68359375 0.8515625 0.681640625 0.853515625 0.68359375 0.853515625 0.685546875 0.85546875 0.685546875 0.85546875 0.68359375 0.857421875 0.681640625 0.861328125 0.681640625 0.86328125 0.68359375 0.865234375 0.68359375 0.8671875 0.681640625 0.8671875 0.6796875 0.865234375 0.677734375 0.861328125 0.677734375 0.859375 0.6796875 0.85546875 0.6796875 0.853515625 0.677734375 0.853515625 0.673828125
0 0.734375 0.666015625 0.732421875 0.66796875 0.728515625 0.66796875 0.728515625 0.671875 0.736328125 0.671875 0.73828125 0.669921875 0.736328125 0.66796875 0.736328125 0.666015625
0 0.67578125 0.642578125 0.671875 0.646484375 0.671875 0.65625 0.673828125 0.658203125 0.6796875 0.658203125 0.681640625 0.66015625 0.6875 0.66015625 0.69140625 0.65625 0.69140625 0.654296875 0.693359375 0.65234375 0.693359375 0.650390625 0.6875 0.64453125 0.685546875 0.646484375 0.681640625 0.642578125
0 0.919921875 0.640625 0.91796875 0.642578125 0.91796875 0.650390625 0.912109375 0.65625 0.912109375 0.658203125 0.9140625 0.658203125 0.921875 0.650390625 0.923828125 0.650390625 0.92578125 0.65234375 0.9296875 0.6484375 0.9296875 0.64453125 0.927734375 0.64453125 0.923828125 0.640625
0 0.55859375 0.626953125 0.55859375 0.630859375 0.564453125 0.630859375 0.56640625 0.6328125 0.56640625 0.642578125 0.568359375 0.642578125 0.5703125 0.64453125 0.572265625 0.642578125 0.572265625 0.640625 0.5703125 0.638671875 0.568359375 0.638671875 0.56640625 0.63671875 0.56640625 0.630859375 0.5625 0.626953125
0 0.80859375 0.599609375 0.806640625 0.6015625 0.806640625 0.607421875 0.80859375 0.609375 0.810546875 0.609375 0.814453125 0.61328125 0.814453125 0.615234375 0.81640625 0.615234375 0.818359375 0.61328125 0.818359375 0.603515625 0.8203125 0.6015625 0.81640625 0.6015625 0.818359375 0.603515625 0.81640625 0.60546875 0.814453125 0.60546875 0.8125 0.603515625 0.8125 0.6015625 0.810546875 0.599609375
0 0.73046875 0.515625 0.728515625 0.517578125 0.728515625 0.521484375 0.724609375 0.525390625 0.720703125 0.525390625 0.720703125 0.53125 0.72265625 0.533203125 0.724609375 0.533203125 0.728515625 0.529296875 0.734375 0.529296875 0.734375 0.517578125 0.732421875 0.515625
0 0.654296875 0.513671875 0.654296875 0.515625 0.65234375 0.517578125 0.650390625 0.517578125 0.6484375 0.51953125 0.6484375 0.521484375 0.646484375 0.5234375 0.646484375 0.525390625 0.64453125 0.52734375 0.642578125 0.52734375 0.640625 0.529296875 0.640625 0.53125 0.64453125 0.53125 0.646484375 0.529296875 0.650390625 0.529296875 0.65234375 0.52734375 0.65234375 0.521484375 0.65625 0.517578125 0.658203125 0.517578125 0.66015625 0.51953125 0.662109375 0.51953125 0.662109375 0.517578125 0.66015625 0.517578125 0.658203125 0.515625 0.658203125 0.513671875
0 0.98046875 0.482421875 0.978515625 0.484375 0.970703125 0.484375 0.96875 0.486328125 0.96875 0.48828125 0.98046875 0.48828125 0.982421875 0.486328125 0.982421875 0.484375
0 0.751953125 0.439453125 0.75 0.44140625 0.75 0.443359375 0.748046875 0.4453125 0.74609375 0.4453125 0.744140625 0.447265625 0.7421875 0.447265625 0.7421875 0.451171875 0.744140625 0.453125 0.748046875 0.453125 0.751953125 0.45703125 0.751953125 0.458984375 0.75 0.4609375 0.75 0.46484375 0.751953125 0.462890625 0.75390625 0.462890625 0.755859375 0.4609375 0.755859375 0.458984375 0.7578125 0.45703125 0.7578125 0.447265625 0.755859375 0.4453125 0.755859375 0.443359375 0.7578125 0.44140625 0.7578125 0.439453125
0 0.970703125 0.3828125 0.970703125 0.400390625 0.97265625 0.40234375 0.974609375 0.40234375 0.9765625 0.404296875 0.978515625 0.404296875 0.978515625 0.40234375 0.98046875 0.400390625 0.98046875 0.3984375 0.978515625 0.396484375 0.978515625 0.388671875 0.97265625 0.3828125
0 0.533203125 0.349609375 0.529296875 0.353515625 0.52734375 0.353515625 0.525390625 0.35546875 0.51953125 0.35546875 0.517578125 0.357421875 0.517578125 0.361328125 0.521484375 0.361328125 0.525390625 0.357421875 0.53125 0.357421875 0.533203125 0.35546875 0.533203125 0.353515625 0.53515625 0.3515625 0.537109375 0.3515625 0.5390625 0.349609375
0 0.380859375 0.31640625 0.37890625 0.318359375 0.375 0.318359375 0.369140625 0.32421875 0.369140625 0.326171875 0.3671875 0.328125 0.3671875 0.330078125 0.37109375 0.330078125 0.373046875 0.328125 0.375 0.328125 0.376953125 0.326171875 0.384765625 0.326171875 0.38671875 0.32421875 0.388671875 0.32421875 0.392578125 0.3203125 0.392578125 0.318359375 0.390625 0.31640625
0 0.91015625 0.310546875 0.90625 0.314453125 0.904296875 0.314453125 0.904296875 0.31640625 0.90234375 0.318359375 0.90234375 0.3203125 0.900390625 0.322265625 0.900390625 0.330078125 0.91015625 0.330078125 0.912109375 0.328125 0.9140625 0.328125 0.916015625 0.326171875 0.916015625 0.314453125 0.912109375 0.310546875
0 0.361328125 0.25390625 0.359375 0.255859375 0.357421875 0.255859375 0.35546875 0.2578125 0.35546875 0.259765625 0.353515625 0.26171875 0.353515625 0.267578125 0.359375 0.267578125 0.36328125 0.263671875 0.365234375 0.263671875 0.373046875 0.255859375 0.375 0.255859375 0.373046875 0.25390625
0 0.990234375 0.130859375 0.98828125 0.1328125 0.986328125 0.1328125 0.984375 0.134765625 0.984375 0.150390625 0.9921875 0.150390625 0.994140625 0.15234375 0.99609375 0.15234375 0.998046875 0.150390625 0.998046875 0.1328125 0.99609375 0.1328125 0.994140625 0.130859375
