0 0.0625 0.9765625 0.060546875 0.978515625 0.05859375 0.978515625 0.056640625 0.98046875 0.0546875 0.98046875 0.052734375 0.982421875 0.044921875 0.982421875 0.04296875 0.984375 0.041015625 0.984375 0.041015625 0.986328125 0.04296875 0.98828125 0.052734375 0.98828125 0.0546875 0.986328125 0.0625 0.986328125 0.064453125 0.984375 0.06640625 0.984375 0.06640625 0.978515625 0.064453125 0.978515625
0 0.32421875 0.94921875 0.32421875 0.955078125 0.322265625 0.95703125 0.3203125 0.95703125 0.318359375 0.958984375 0.3203125 0.9609375 0.32421875 0.9609375 0.326171875 0.958984375 0.341796875 0.958984375 0.34375 0.9609375 0.345703125 0.9609375 0.34765625 0.962890625 0.349609375 0.962890625 0.3515625 0.9609375 0.3515625 0.955078125 0.349609375 0.953125 0.34375 0.953125 0.33984375 0.95703125 0.337890625 0.95703125 0.33203125 0.951171875 0.330078125 0.951171875 0.328125 0.94921875
0 0.732421875 0.943359375 0.73046875 0.9453125 0.734375 0.94921875 0.734375 0.9453125 0.736328125 0.943359375
0 0.201171875 0.93359375 0.19921875 0.935546875 0.19140625 0.935546875 0.19140625 0.943359375 0.19921875 0.943359375 0.203125 0.939453125 0.203125 0.935546875
0 0.05859375 0.919921875 0.056640625 0.921875 0.0546875 0.921875 0.05078125 0.92578125 0.048828125 0.92578125 0.048828125 0.927734375 0.05078125 0.927734375 0.052734375 0.9296875 0.0546875 0.9296875 0.05859375 0.92578125 0.060546875 0.92578125 0.060546875 0.923828125 0.0625 0.921875 0.0625 0.919921875
0 0.07421875 0.865234375 0.072265625 0.8671875 0.0703125 0.8671875 0.072265625 0.869140625 0.078125 0.869140625 0.078125 0.865234375
0 0.240234375 0.859375 0.23828125 0.861328125 0.234375 0.861328125 0.232421875 0.86328125 0.23046875 0.86328125 0.2265625 0.8671875 0.228515625 0.8671875 0.23046875 0.869140625 0.236328125 0.869140625 0.23828125 0.8671875 0.240234375 0.8671875 0.244140625 0.86328125 0.244140625 0.861328125 0.2421875 0.859375
0 0.013671875 0.82421875 0.013671875 0.826171875 0.01171875 0.828125 0.01171875 0.830078125 0.015625 0.830078125 0.017578125 0.83203125 0.0234375 0.83203125 0.025390625 0.830078125 0.02734375 0.830078125 0.02734375 0.828125 0.025390625 0.828125 0.0234375 0.826171875 0.01953125 0.826171875 0.017578125 0.82421875
0 0.0078125 0.798828125 0.0078125 0.80078125 0.009765625 0.802734375 0.01171875 0.802734375 0.013671875 0.80078125 0.015625 0.80078125 0.013671875 0.798828125
0 0.033203125 0.751953125 0.03125 0.75390625 0.03125 0.755859375 0.029296875 0.7578125 0.02734375 0.7578125 0.025390625 0.759765625 0.025390625 0.763671875 0.029296875 0.763671875 0.03515625 0.7578125 0.03515625 0.751953125
0 0.03125 0.7421875 0.029296875 0.744140625 0.033203125 0.748046875 0.0390625 0.748046875 0.0390625 0.744140625 0.037109375 0.744140625 0.03515625 0.7421875
0 0.162109375 0.625 0.162109375 0.626953125 0.1640625 0.62890625 0.166015625 0.62890625 0.166015625 0.625
0 0.15625 0.603515625 0.154296875 0.60546875 0.15625 0.607421875 0.162109375 0.607421875 0.162109375 0.60546875 0.16015625 0.60546875 0.158203125 0.603515625
0 0.083984375 0.580078125 0.083984375 0.58203125 0.0859375 0.58203125 0.087890625 0.583984375 0.08984375 0.583984375 0.08984375 0.58203125 0.087890625 0.58203125 0.0859375 0.580078125
0 0.140625 0.5625 0.138671875 0.564453125 0.140625 0.56640625 0.140625 0.568359375 0.1484375 0.568359375 0.1484375 0.564453125 0.14453125 0.564453125 0.142578125 0.5625
0 0.01171875 0.541015625 0.009765625 0.54296875 0.009765625 0.546875 0.013671875 0.55078125 0.015625 0.55078125 0.01953125 0.5546875 0.021484375 0.5546875 0.021484375 0.552734375 0.017578125 0.548828125 0.017578125 0.546875
0 0.029296875 0.236328125 0.029296875 0.240234375 0.025390625 0.244140625 0.025390625 0.248046875 0.02734375 0.25 0.03125 0.25 0.033203125 0.251953125 0.033203125 0.255859375 0.03515625 0.2578125 0.037109375 0.255859375 0.0390625 0.255859375 0.041015625 0.2578125 0.041015625 0.259765625 0.04296875 0.2578125 0.04296875 0.255859375 0.041015625 0.25390625 0.04296875 0.251953125 0.048828125 0.251953125 0.05078125 0.25390625 0.0546875 0.25390625 0.056640625 0.251953125 0.0625 0.251953125 0.0625 0.25 0.052734375 0.25 0.048828125 0.24609375 0.048828125 0.244140625 0.046875 0.2421875 0.0390625 0.2421875 0.037109375 0.244140625 0.03125 0.23828125 0.03125 0.236328125
0 0.095703125 0.228515625 0.09375 0.23046875 0.095703125 0.232421875 0.095703125 0.23046875 0.09765625 0.228515625
0 0.087890625 0.21875 0.08203125 0.224609375 0.08203125 0.23046875 0.0859375 0.23046875 0.0859375 0.228515625 0.087890625 0.2265625 0.08984375 0.2265625 0.08984375 0.21875
0 0.08984375 0.1640625 0.0859375 0.16796875 0.0859375 0.171875 0.076171875 0.181640625 0.07421875 0.181640625 0.07421875 0.1875 0.080078125 0.1875 0.078125 0.185546875 0.078125 0.181640625 0.083984375 0.17578125 0.083984375 0.173828125 0.087890625 0.169921875 0.08984375 0.169921875 0.091796875 0.171875 0.091796875 0.17578125 0.09375 0.17578125 0.095703125 0.173828125 0.095703125 0.171875 0.09765625 0.169921875 0.09375 0.169921875 0.091796875 0.16796875 0.091796875 0.1640625
0 0.060546875 0.109375 0.060546875 0.11328125 0.0625 0.11328125 0.064453125 0.115234375 0.068359375 0.115234375 0.0703125 0.11328125 0.068359375 0.11328125 0.06640625 0.111328125 0.06640625 0.109375
0 0.107421875 0.080078125 0.103515625 0.083984375 0.107421875 0.083984375 0.107421875 0.08203125 0.109375 0.080078125
0 0.052734375 0.0703125 0.05078125 0.072265625 0.048828125 0.072265625 0.046875 0.07421875 0.044921875 0.07421875 0.037109375 0.08203125 0.03515625 0.08203125 0.02734375 0.08984375 0.025390625 0.08984375 0.021484375 0.09375 0.015625 0.09375 0.015625 0.099609375 0.017578125 0.099609375 0.01953125 0.09765625 0.0234375 0.09765625 0.025390625 0.099609375 0.025390625 0.1015625 0.02734375 0.103515625 0.03125 0.103515625 0.0390625 0.095703125 0.0390625 0.087890625 0.041015625 0.0859375 0.041015625 0.083984375 0.04296875 0.08203125 0.04296875 0.080078125 0.046875 0.076171875 0.048828125 0.076171875 0.05078125 0.078125 0.0546875 0.07421875 0.0546875 0.0703125
0 0.0234375 0.044921875 0.0234375 0.048828125 0.021484375 0.05078125 0.01953125 0.05078125 0.021484375 0.052734375 0.025390625 0.052734375 0.02734375 0.0546875 0.03125 0.0546875 0.03125 0.052734375 0.02734375 0.052734375 0.025390625 0.05078125 0.025390625 0.046875 0.02734375 0.044921875
