0 0.123046875 0.94140625 0.119140625 0.9453125 0.119140625 0.955078125 0.1171875 0.95703125 0.1171875 0.958984375 0.115234375 0.9609375 0.111328125 0.9609375 0.111328125 0.96484375 0.11328125 0.966796875 0.12109375 0.966796875 0.125 0.970703125 0.125 0.984375 0.123046875 0.986328125 0.123046875 0.990234375 0.125 0.990234375 0.126953125 0.98828125 0.12890625 0.98828125 0.130859375 0.986328125 0.1328125 0.986328125 0.13671875 0.982421875 0.13671875 0.98046875 0.138671875 0.978515625 0.138671875 0.9765625 0.140625 0.974609375 0.140625 0.970703125 0.142578125 0.96875 0.142578125 0.958984375 0.140625 0.95703125 0.140625 0.955078125 0.138671875 0.953125 0.138671875 0.947265625 0.140625 0.9453125 0.138671875 0.943359375 0.134765625 0.943359375 0.1328125 0.94140625
0 0.814453125 0.845703125 0.8125 0.84765625 0.80859375 0.84765625 0.806640625 0.849609375 0.8046875 0.849609375 0.8046875 0.8515625 0.802734375 0.853515625 0.80859375 0.853515625 0.810546875 0.8515625 0.81640625 0.8515625 0.818359375 0.849609375 0.822265625 0.849609375 0.82421875 0.8515625 0.826171875 0.8515625 0.828125 0.849609375 0.826171875 0.84765625 0.826171875 0.845703125
0 0.2734375 0.83203125 0.26953125 0.8359375 0.26953125 0.837890625 0.267578125 0.83984375 0.267578125 0.84375 0.265625 0.845703125 0.265625 0.859375 0.271484375 0.865234375 0.271484375 0.8671875 0.2734375 0.8671875 0.275390625 0.869140625 0.27734375 0.869140625 0.279296875 0.8671875 0.279296875 0.865234375 0.28125 0.86328125 0.28125 0.861328125 0.283203125 0.859375 0.283203125 0.84375 0.28125 0.841796875 0.28125 0.8359375 0.279296875 0.833984375 0.279296875 0.83203125
0 0.83984375 0.814453125 0.837890625 0.81640625 0.837890625 0.818359375 0.83984375 0.818359375 0.841796875 0.8203125 0.84375 0.8203125 0.845703125 0.818359375 0.85546875 0.818359375 0.853515625 0.81640625 0.84375 0.81640625 0.841796875 0.814453125
0 0.27734375 0.6796875 0.27734375 0.681640625 0.283203125 0.6875 0.283203125 0.693359375 0.28125 0.6953125 0.279296875 0.6953125 0.279296875 0.697265625 0.27734375 0.69921875 0.27734375 0.703125 0.275390625 0.705078125 0.271484375 0.705078125 0.26953125 0.703125 0.26953125 0.701171875 0.271484375 0.69921875 0.271484375 0.697265625 0.2734375 0.6953125 0.2734375 0.693359375 0.275390625 0.69140625 0.275390625 0.6875 0.2734375 0.689453125 0.271484375 0.689453125 0.271484375 0.69140625 0.26953125 0.693359375 0.26953125 0.6953125 0.267578125 0.697265625 0.267578125 0.701171875 0.265625 0.703125 0.265625 0.712890625 0.267578125 0.712890625 0.26953125 0.71484375 0.271484375 0.712890625 0.2734375 0.712890625 0.2734375 0.7109375 0.279296875 0.705078125 0.279296875 0.703125 0.28125 0.701171875 0.28125 0.6953125 0.283203125 0.693359375 0.28515625 0.6953125 0.28515625 0.705078125 0.287109375 0.70703125 0.287109375 0.7109375 0.2890625 0.712890625 0.2890625 0.71484375 0.291015625 0.716796875 0.29296875 0.716796875 0.294921875 0.71875 0.296875 0.71875 0.298828125 0.720703125 0.302734375 0.720703125 0.302734375 0.716796875 0.296875 0.7109375 0.294921875 0.7109375 0.291015625 0.70703125 0.291015625 0.69140625 0.2890625 0.689453125 0.2890625 0.6875 0.28515625 0.68359375 0.28125 0.68359375
0 0.29296875 0.623046875 0.291015625 0.625 0.2890625 0.625 0.287109375 0.626953125 0.287109375 0.638671875 0.28515625 0.640625 0.28515625 0.64453125 0.28125 0.6484375 0.28125 0.65234375 0.279296875 0.654296875 0.279296875 0.6640625 0.279296875 0.662109375 0.283203125 0.658203125 0.283203125 0.65625 0.287109375 0.65234375 0.287109375 0.650390625 0.2890625 0.6484375 0.2890625 0.646484375 0.29296875 0.642578125 0.29296875 0.638671875 0.294921875 0.63671875 0.294921875 0.625
0 0.22265625 0.54296875 0.22265625 0.544921875 0.220703125 0.546875 0.220703125 0.548828125 0.224609375 0.548828125 0.224609375 0.54296875
0 0.16015625 0.48828125 0.16015625 0.49609375 0.166015625 0.501953125 0.169921875 0.501953125 0.171875 0.5 0.171875 0.498046875 0.169921875 0.49609375 0.169921875 0.494140625 0.171875 0.4921875 0.16796875 0.48828125
0 0.310546875 0.474609375 0.310546875 0.4765625 0.3046875 0.482421875 0.30078125 0.482421875 0.30078125 0.486328125 0.3046875 0.490234375 0.3046875 0.50390625 0.306640625 0.505859375 0.306640625 0.5078125 0.310546875 0.5078125 0.3125 0.505859375 0.3125 0.49609375 0.314453125 0.494140625 0.3203125 0.494140625 0.322265625 0.4921875 0.328125 0.4921875 0.330078125 0.490234375 0.330078125 0.48828125 0.32421875 0.48828125 0.322265625 0.490234375 0.3203125 0.48828125 0.318359375 0.48828125 0.31640625 0.486328125 0.314453125 0.486328125 0.310546875 0.482421875
0 0.095703125 0.357421875 0.095703125 0.3671875 0.09375 0.369140625 0.09375 0.37109375 0.091796875 0.373046875 0.091796875 0.376953125 0.087890625 0.380859375 0.087890625 0.384765625 0.0859375 0.38671875 0.0859375 0.39453125 0.087890625 0.396484375 0.08984375 0.396484375 0.091796875 0.39453125 0.091796875 0.388671875 0.095703125 0.384765625 0.09765625 0.384765625 0.09765625 0.380859375 0.099609375 0.37890625 0.107421875 0.37890625 0.111328125 0.3828125 0.11328125 0.3828125 0.11328125 0.376953125 0.111328125 0.375 0.107421875 0.375 0.10546875 0.373046875 0.103515625 0.373046875 0.099609375 0.369140625 0.099609375 0.36328125 0.1015625 0.361328125 0.1015625 0.357421875
0 0.0234375 0.3125 0.021484375 0.314453125 0.021484375 0.3203125 0.0234375 0.3203125 0.02734375 0.31640625 0.02734375 0.314453125 0.025390625 0.3125
