0 0.98046875 0.83984375 0.978515625 0.841796875 0.9765625 0.841796875 0.9765625 0.845703125 0.974609375 0.84765625 0.97265625 0.84765625 0.96875 0.8515625 0.96875 0.861328125 0.97265625 0.865234375 0.974609375 0.86328125 0.974609375 0.861328125 0.9765625 0.859375 0.98046875 0.859375 0.98046875 0.857421875 0.986328125 0.8515625 0.986328125 0.841796875 0.984375 0.83984375
0 0.72265625 0.724609375 0.720703125 0.7265625 0.720703125 0.73046875 0.71875 0.732421875 0.71875 0.734375 0.716796875 0.736328125 0.716796875 0.7421875 0.71875 0.7421875 0.720703125 0.740234375 0.71875 0.73828125 0.72265625 0.734375
0 0.732421875 0.5625 0.7265625 0.568359375 0.716796875 0.568359375 0.71484375 0.5703125 0.71875 0.57421875 0.720703125 0.57421875 0.72265625 0.576171875 0.7265625 0.576171875 0.728515625 0.578125 0.744140625 0.578125 0.748046875 0.57421875 0.748046875 0.572265625 0.740234375 0.564453125 0.740234375 0.5625
0 0.861328125 0.533203125 0.861328125 0.5390625 0.86328125 0.541015625 0.86328125 0.54296875 0.8671875 0.546875 0.87109375 0.546875 0.873046875 0.544921875 0.873046875 0.54296875 0.87109375 0.541015625 0.87109375 0.537109375 0.8671875 0.533203125
0 0.640625 0.49609375 0.640625 0.509765625 0.642578125 0.51171875 0.642578125 0.513671875 0.64453125 0.513671875 0.646484375 0.515625 0.6484375 0.515625 0.6484375 0.51171875 0.65234375 0.5078125 0.65234375 0.505859375 0.646484375 0.505859375 0.64453125 0.50390625 0.64453125 0.498046875 0.642578125 0.49609375
0 0.7265625 0.373046875 0.72265625 0.376953125 0.72265625 0.380859375 0.724609375 0.3828125 0.7265625 0.3828125 0.73046875 0.38671875 0.732421875 0.38671875 0.734375 0.388671875 0.736328125 0.388671875 0.73828125 0.390625 0.740234375 0.390625 0.7421875 0.392578125 0.748046875 0.392578125 0.75 0.39453125 0.751953125 0.392578125 0.75 0.390625 0.75 0.388671875 0.74609375 0.388671875 0.744140625 0.38671875 0.7421875 0.38671875 0.732421875 0.376953125 0.732421875 0.375 0.73046875 0.373046875
0 0.798828125 0.259765625 0.796875 0.26171875 0.791015625 0.26171875 0.7890625 0.263671875 0.787109375 0.263671875 0.78515625 0.265625 0.78515625 0.2734375 0.791015625 0.279296875 0.79296875 0.279296875 0.794921875 0.28125 0.80078125 0.28125 0.802734375 0.283203125 0.822265625 0.283203125 0.826171875 0.287109375 0.826171875 0.2890625 0.828125 0.291015625 0.830078125 0.291015625 0.83203125 0.29296875 0.833984375 0.29296875 0.8359375 0.294921875 0.837890625 0.294921875 0.83984375 0.296875 0.84375 0.296875 0.845703125 0.298828125 0.849609375 0.298828125 0.8515625 0.30078125 0.859375 0.30078125 0.861328125 0.298828125 0.861328125 0.294921875 0.859375 0.294921875 0.857421875 0.29296875 0.85546875 0.29296875 0.8515625 0.2890625 0.8515625 0.283203125 0.849609375 0.283203125 0.84765625 0.28125 0.84375 0.28125 0.841796875 0.283203125 0.83203125 0.283203125 0.828125 0.279296875 0.814453125 0.279296875 0.810546875 0.275390625 0.80859375 0.275390625 0.806640625 0.2734375 0.80078125 0.2734375 0.798828125 0.271484375 0.798828125 0.26953125 0.80078125 0.267578125 0.802734375 0.267578125 0.802734375 0.26171875 0.80078125 0.259765625
0 0.5703125 0.203125 0.5703125 0.208984375 0.576171875 0.208984375 0.578125 0.20703125 0.578125 0.205078125 0.576171875 0.203125
0 0.576171875 0.1328125 0.57421875 0.134765625 0.57421875 0.13671875 0.578125 0.140625 0.578125 0.146484375 0.57421875 0.150390625 0.564453125 0.150390625 0.564453125 0.154296875 0.56640625 0.154296875 0.568359375 0.15625 0.5703125 0.15625 0.572265625 0.154296875 0.576171875 0.154296875 0.578125 0.15234375 0.59765625 0.15234375 0.6015625 0.1484375 0.6015625 0.146484375 0.599609375 0.146484375 0.59765625 0.14453125 0.587890625 0.14453125 0.5859375 0.142578125 0.583984375 0.142578125 0.58203125 0.140625 0.58203125 0.13671875 0.580078125 0.134765625 0.580078125 0.1328125
0 0.580078125 0.087890625 0.580078125 0.091796875 0.587890625 0.099609375 0.58984375 0.099609375 0.591796875 0.09765625 0.591796875 0.095703125 0.587890625 0.091796875 0.587890625 0.08984375 0.5859375 0.087890625
0 0.736328125 0.048828125 0.734375 0.05078125 0.736328125 0.052734375 0.736328125 0.0546875 0.740234375 0.0546875 0.744140625 0.05859375 0.744140625 0.060546875 0.748046875 0.064453125 0.748046875 0.06640625 0.75 0.068359375 0.75390625 0.068359375 0.75390625 0.060546875 0.751953125 0.05859375 0.751953125 0.056640625 0.75 0.0546875 0.748046875 0.0546875 0.744140625 0.05078125 0.740234375 0.05078125 0.73828125 0.048828125
