0 0.072265625 0.958984375 0.0703125 0.9609375 0.0703125 0.962890625 0.072265625 0.96484375 0.072265625 0.96875 0.076171875 0.96875 0.076171875 0.966796875 0.07421875 0.96484375 0.07421875 0.9609375
0 0.626953125 0.822265625 0.625 0.82421875 0.625 0.826171875 0.626953125 0.828125 0.626953125 0.833984375 0.62890625 0.8359375 0.630859375 0.8359375 0.640625 0.845703125 0.640625 0.84765625 0.646484375 0.853515625 0.646484375 0.859375 0.64453125 0.861328125 0.64453125 0.86328125 0.646484375 0.865234375 0.646484375 0.8671875 0.650390625 0.8671875 0.65234375 0.869140625 0.654296875 0.869140625 0.65625 0.8671875 0.65625 0.865234375 0.658203125 0.86328125 0.658203125 0.857421875 0.654296875 0.853515625 0.650390625 0.853515625 0.6484375 0.8515625 0.646484375 0.8515625 0.640625 0.845703125 0.640625 0.84375 0.63671875 0.83984375 0.63671875 0.837890625 0.634765625 0.8359375 0.634765625 0.83203125 0.6328125 0.830078125 0.6328125 0.826171875 0.62890625 0.822265625
0 0.478515625 0.705078125 0.4765625 0.70703125 0.4765625 0.712890625 0.478515625 0.71484375 0.48046875 0.71484375 0.48046875 0.708984375 0.482421875 0.70703125 0.484375 0.70703125 0.484375 0.705078125
0 0.603515625 0.6875 0.603515625 0.69140625 0.6015625 0.693359375 0.599609375 0.693359375 0.599609375 0.6953125 0.60546875 0.6953125 0.607421875 0.693359375 0.607421875 0.6875
0 0.0859375 0.67578125 0.08203125 0.6796875 0.08203125 0.68359375 0.083984375 0.68359375 0.0859375 0.681640625 0.083984375 0.6796875 0.083984375 0.677734375
0 0.111328125 0.6171875 0.109375 0.619140625 0.109375 0.62109375 0.107421875 0.623046875 0.10546875 0.623046875 0.103515625 0.625 0.103515625 0.626953125 0.10546875 0.62890625 0.109375 0.62890625 0.109375 0.626953125 0.115234375 0.62109375 0.115234375 0.619140625 0.11328125 0.6171875
0 0.298828125 0.59765625 0.298828125 0.60546875 0.296875 0.607421875 0.294921875 0.607421875 0.29296875 0.609375 0.29296875 0.619140625 0.294921875 0.62109375 0.294921875 0.623046875 0.30078125 0.62890625 0.302734375 0.62890625 0.3046875 0.630859375 0.306640625 0.630859375 0.306640625 0.623046875 0.3046875 0.62109375 0.3046875 0.6171875 0.306640625 0.615234375 0.306640625 0.603515625 0.3046875 0.6015625 0.3046875 0.599609375 0.302734375 0.59765625
0 0.16015625 0.5703125 0.15625 0.57421875 0.15625 0.578125 0.1484375 0.5859375 0.1484375 0.587890625 0.14453125 0.591796875 0.14453125 0.59375 0.1484375 0.59375 0.1484375 0.58984375 0.15234375 0.5859375 0.154296875 0.5859375 0.154296875 0.58203125 0.158203125 0.578125 0.158203125 0.572265625
0 0.21484375 0.560546875 0.20703125 0.568359375 0.203125 0.568359375 0.203125 0.572265625 0.2109375 0.572265625 0.21875 0.564453125 0.21875 0.560546875
0 0.154296875 0.560546875 0.154296875 0.564453125 0.15625 0.56640625 0.158203125 0.564453125 0.158203125 0.560546875
0 0.802734375 0.498046875 0.80078125 0.5 0.798828125 0.5 0.796875 0.501953125 0.78515625 0.501953125 0.783203125 0.50390625 0.78125 0.50390625 0.78125 0.5078125 0.77734375 0.51171875 0.775390625 0.51171875 0.7734375 0.513671875 0.7734375 0.515625 0.775390625 0.517578125 0.775390625 0.51953125 0.77734375 0.51953125 0.779296875 0.521484375 0.78125 0.521484375 0.783203125 0.51953125 0.783203125 0.517578125 0.78515625 0.515625 0.791015625 0.515625 0.791015625 0.513671875 0.796875 0.5078125 0.798828125 0.5078125 0.802734375 0.50390625 0.802734375 0.501953125 0.8046875 0.5 0.8046875 0.498046875
0 0.6171875 0.49609375 0.61328125 0.5 0.611328125 0.5 0.611328125 0.501953125 0.61328125 0.501953125 0.6171875 0.498046875 0.619140625 0.498046875 0.619140625 0.49609375
0 0.291015625 0.3046875 0.2890625 0.306640625 0.287109375 0.306640625 0.28515625 0.30859375 0.279296875 0.30859375 0.275390625 0.3125 0.275390625 0.314453125 0.2734375 0.31640625 0.2734375 0.3203125 0.26953125 0.32421875 0.26953125 0.326171875 0.267578125 0.328125 0.267578125 0.330078125 0.271484375 0.330078125 0.2734375 0.328125 0.2734375 0.32421875 0.275390625 0.322265625 0.27734375 0.322265625 0.279296875 0.3203125 0.279296875 0.318359375 0.28125 0.31640625 0.28125 0.314453125 0.283203125 0.3125 0.28515625 0.3125 0.287109375 0.310546875 0.287109375 0.30859375
0 0.20703125 0.296875 0.205078125 0.298828125 0.203125 0.298828125 0.201171875 0.30078125 0.197265625 0.30078125 0.19140625 0.306640625 0.1875 0.306640625 0.185546875 0.30859375 0.18359375 0.30859375 0.18359375 0.3125 0.185546875 0.3125 0.189453125 0.30859375 0.193359375 0.30859375 0.193359375 0.306640625 0.19921875 0.30078125 0.212890625 0.30078125 0.21484375 0.302734375 0.216796875 0.302734375 0.21875 0.30078125 0.21875 0.298828125 0.216796875 0.296875
0 0.306640625 0.2890625 0.30078125 0.294921875 0.30078125 0.296875 0.294921875 0.302734375 0.296875 0.30078125 0.298828125 0.30078125 0.3046875 0.294921875 0.3046875 0.29296875 0.30859375 0.2890625 0.310546875 0.2890625
0 0.103515625 0.17578125 0.1015625 0.177734375 0.1015625 0.1796875 0.099609375 0.181640625 0.09375 0.181640625 0.09375 0.18359375 0.091796875 0.185546875 0.087890625 0.185546875 0.087890625 0.1875 0.08984375 0.1875 0.09375 0.18359375 0.095703125 0.18359375 0.09765625 0.181640625 0.099609375 0.181640625 0.103515625 0.177734375
0 0.099609375 0.15625 0.09765625 0.158203125 0.09765625 0.16796875 0.099609375 0.169921875 0.1015625 0.16796875 0.1015625 0.162109375 0.103515625 0.16015625 0.10546875 0.16015625 0.107421875 0.162109375 0.109375 0.162109375 0.111328125 0.16015625 0.111328125 0.158203125 0.109375 0.15625 0.10546875 0.15625 0.103515625 0.158203125 0.1015625 0.158203125
0 0.099609375 0.138671875 0.09765625 0.140625 0.09375 0.140625 0.091796875 0.142578125 0.08984375 0.142578125 0.0859375 0.146484375 0.083984375 0.146484375 0.083984375 0.150390625 0.080078125 0.154296875 0.060546875 0.154296875 0.05859375 0.15625 0.056640625 0.15625 0.05078125 0.162109375 0.05078125 0.166015625 0.052734375 0.16796875 0.052734375 0.169921875 0.056640625 0.173828125 0.06640625 0.173828125 0.068359375 0.171875 0.0703125 0.171875 0.076171875 0.166015625 0.076171875 0.1640625 0.083984375 0.15625 0.0859375 0.15625 0.09375 0.1484375 0.099609375 0.1484375 0.099609375 0.14453125 0.103515625 0.140625 0.103515625 0.138671875
0 0.119140625 0.126953125 0.1171875 0.12890625 0.11328125 0.12890625 0.111328125 0.130859375 0.111328125 0.1328125 0.109375 0.134765625 0.109375 0.138671875 0.111328125 0.140625 0.111328125 0.142578125 0.11328125 0.14453125 0.11328125 0.146484375 0.111328125 0.1484375 0.115234375 0.14453125 0.115234375 0.140625 0.119140625 0.13671875 0.123046875 0.13671875 0.125 0.134765625 0.125 0.12890625 0.123046875 0.126953125
0 0.103515625 0.041015625 0.103515625 0.04296875 0.099609375 0.046875 0.099609375 0.048828125 0.1015625 0.05078125 0.103515625 0.048828125 0.103515625 0.046875 0.107421875 0.04296875 0.107421875 0.041015625
0 0.0390625 0.021484375 0.03515625 0.025390625 0.033203125 0.025390625 0.0390625 0.025390625 0.0390625 0.0234375 0.041015625 0.021484375
