0 0.177734375 0.802734375 0.171875 0.80859375 0.169921875 0.80859375 0.16796875 0.806640625 0.16015625 0.806640625 0.15625 0.810546875 0.154296875 0.810546875 0.15234375 0.8125 0.15234375 0.814453125 0.150390625 0.81640625 0.150390625 0.82421875 0.15234375 0.82421875 0.158203125 0.818359375 0.162109375 0.818359375 0.1640625 0.81640625 0.166015625 0.81640625 0.16796875 0.814453125 0.169921875 0.814453125 0.171875 0.81640625 0.17578125 0.81640625 0.1796875 0.8125 0.1796875 0.810546875 0.18359375 0.806640625 0.18359375 0.802734375
0 0.013671875 0.560546875 0.013671875 0.564453125 0.015625 0.56640625 0.029296875 0.56640625 0.03125 0.568359375 0.03125 0.572265625 0.029296875 0.57421875 0.029296875 0.576171875 0.03125 0.578125 0.03125 0.580078125 0.033203125 0.580078125 0.033203125 0.576171875 0.0390625 0.5703125 0.0390625 0.56640625 0.03515625 0.5625 0.01953125 0.5625 0.017578125 0.560546875
0 0.123046875 0.44140625 0.119140625 0.4453125 0.119140625 0.455078125 0.1171875 0.45703125 0.1171875 0.458984375 0.115234375 0.4609375 0.111328125 0.4609375 0.111328125 0.46484375 0.11328125 0.466796875 0.12109375 0.466796875 0.125 0.470703125 0.125 0.484375 0.123046875 0.486328125 0.123046875 0.490234375 0.125 0.490234375 0.126953125 0.48828125 0.12890625 0.48828125 0.130859375 0.486328125 0.1328125 0.486328125 0.13671875 0.482421875 0.13671875 0.48046875 0.138671875 0.478515625 0.138671875 0.4765625 0.140625 0.474609375 0.140625 0.470703125 0.142578125 0.46875 0.142578125 0.458984375 0.140625 0.45703125 0.140625 0.455078125 0.138671875 0.453125 0.138671875 0.447265625 0.140625 0.4453125 0.138671875 0.443359375 0.134765625 0.443359375 0.1328125 0.44140625
0 0.814453125 0.345703125 0.8125 0.34765625 0.80859375 0.34765625 0.806640625 0.349609375 0.8046875 0.349609375 0.8046875 0.3515625 0.802734375 0.353515625 0.80859375 0.353515625 0.810546875 0.3515625 0.81640625 0.3515625 0.818359375 0.349609375 0.822265625 0.349609375 0.82421875 0.3515625 0.826171875 0.3515625 0.828125 0.349609375 0.826171875 0.34765625 0.826171875 0.345703125
0 0.2734375 0.33203125 0.26953125 0.3359375 0.26953125 0.337890625 0.267578125 0.33984375 0.267578125 0.34375 0.265625 0.345703125 0.265625 0.359375 0.271484375 0.365234375 0.271484375 0.3671875 0.2734375 0.3671875 0.275390625 0.369140625 0.27734375 0.369140625 0.279296875 0.3671875 0.279296875 0.365234375 0.28125 0.36328125 0.28125 0.361328125 0.283203125 0.359375 0.283203125 0.34375 0.28125 0.341796875 0.28125 0.3359375 0.279296875 0.333984375 0.279296875 0.33203125
0 0.83984375 0.314453125 0.837890625 0.31640625 0.837890625 0.318359375 0.83984375 0.318359375 0.841796875 0.3203125 0.84375 0.3203125 0.845703125 0.318359375 0.85546875 0.318359375 0.853515625 0.31640625 0.84375 0.31640625 0.841796875 0.314453125
0 0.27734375 0.1796875 0.27734375 0.181640625 0.283203125 0.1875 0.283203125 0.193359375 0.28125 0.1953125 0.279296875 0.1953125 0.279296875 0.197265625 0.27734375 0.19921875 0.27734375 0.203125 0.275390625 0.205078125 0.271484375 0.205078125 0.26953125 0.203125 0.26953125 0.201171875 0.271484375 0.19921875 0.271484375 0.197265625 0.2734375 0.1953125 0.2734375 0.193359375 0.275390625 0.19140625 0.275390625 0.1875 0.2734375 0.189453125 0.271484375 0.189453125 0.271484375 0.19140625 0.26953125 0.193359375 0.26953125 0.1953125 0.267578125 0.197265625 0.267578125 0.201171875 0.265625 0.203125 0.265625 0.212890625 0.267578125 0.212890625 0.26953125 0.21484375 0.271484375 0.212890625 0.2734375 0.212890625 0.2734375 0.2109375 0.279296875 0.205078125 0.279296875 0.203125 0.28125 0.201171875 0.28125 0.1953125 0.283203125 0.193359375 0.28515625 0.1953125 0.28515625 0.205078125 0.287109375 0.20703125 0.287109375 0.2109375 0.2890625 0.212890625 0.2890625 0.21484375 0.291015625 0.216796875 0.29296875 0.216796875 0.294921875 0.21875 0.296875 0.21875 0.298828125 0.220703125 0.302734375 0.220703125 0.302734375 0.216796875 0.296875 0.2109375 0.294921875 0.2109375 0.291015625 0.20703125 0.291015625 0.19140625 0.2890625 0.189453125 0.2890625 0.1875 0.28515625 0.18359375 0.28125 0.18359375
0 0.29296875 0.123046875 0.291015625 0.125 0.2890625 0.125 0.287109375 0.126953125 0.287109375 0.138671875 0.28515625 0.140625 0.28515625 0.14453125 0.28125 0.1484375 0.28125 0.15234375 0.279296875 0.154296875 0.279296875 0.1640625 0.279296875 0.162109375 0.283203125 0.158203125 0.283203125 0.15625 0.287109375 0.15234375 0.287109375 0.150390625 0.2890625 0.1484375 0.2890625 0.146484375 0.29296875 0.142578125 0.29296875 0.138671875 0.294921875 0.13671875 0.294921875 0.125
0 0.22265625 0.04296875 0.22265625 0.044921875 0.220703125 0.046875 0.220703125 0.048828125 0.224609375 0.048828125 0.224609375 0.04296875
0 0.3046875 0.0 0.3046875 0.00390625 0.306640625 0.005859375 0.306640625 0.0078125 0.310546875 0.0078125 0.3125 0.005859375 0.3125 0.0
0 0.1640625 0.0 0.166015625 0.001953125 0.169921875 0.001953125 0.171875 0.0
