0 0.76953125 0.951171875 0.767578125 0.953125 0.759765625 0.953125 0.755859375 0.95703125 0.75390625 0.95703125 0.751953125 0.958984375 0.751953125 0.9609375 0.75390625 0.962890625 0.76171875 0.962890625 0.763671875 0.9609375 0.76953125 0.9609375 0.7734375 0.95703125 0.7734375 0.953125 0.771484375 0.953125
0 0.76171875 0.9375 0.759765625 0.939453125 0.755859375 0.939453125 0.751953125 0.943359375 0.748046875 0.943359375 0.744140625 0.947265625 0.744140625 0.94921875 0.7421875 0.951171875 0.7421875 0.953125 0.740234375 0.955078125 0.740234375 0.95703125 0.73828125 0.958984375 0.73828125 0.9609375 0.7421875 0.9609375 0.74609375 0.95703125 0.74609375 0.955078125 0.7578125 0.943359375 0.763671875 0.943359375 0.763671875 0.94140625 0.765625 0.939453125 0.763671875 0.9375
0 0.052734375 0.921875 0.05078125 0.923828125 0.05078125 0.92578125 0.048828125 0.927734375 0.05078125 0.927734375 0.0546875 0.931640625 0.060546875 0.92578125 0.0625 0.92578125 0.060546875 0.923828125 0.056640625 0.923828125 0.0546875 0.921875
0 0.88671875 0.890625 0.884765625 0.892578125 0.8828125 0.892578125 0.880859375 0.89453125 0.880859375 0.896484375 0.87890625 0.8984375 0.87890625 0.90625 0.880859375 0.908203125 0.87890625 0.91015625 0.87890625 0.916015625 0.880859375 0.91796875 0.880859375 0.92578125 0.884765625 0.9296875 0.892578125 0.9296875 0.892578125 0.927734375 0.89453125 0.92578125 0.89453125 0.892578125 0.892578125 0.890625
0 0.23828125 0.8515625 0.236328125 0.853515625 0.236328125 0.857421875 0.216796875 0.876953125 0.216796875 0.87890625 0.21484375 0.880859375 0.216796875 0.8828125 0.216796875 0.884765625 0.21875 0.884765625 0.220703125 0.8828125 0.22265625 0.8828125 0.224609375 0.880859375 0.224609375 0.87890625 0.23046875 0.873046875 0.232421875 0.873046875 0.234375 0.87109375 0.236328125 0.87109375 0.240234375 0.8671875 0.2421875 0.8671875 0.24609375 0.86328125 0.24609375 0.857421875 0.2421875 0.853515625 0.240234375 0.853515625
0 0.994140625 0.833984375 0.9921875 0.8359375 0.990234375 0.8359375 0.98828125 0.837890625 0.986328125 0.837890625 0.982421875 0.841796875 0.982421875 0.84765625 0.986328125 0.8515625 0.98828125 0.8515625 0.994140625 0.857421875 0.994140625 0.859375 0.99609375 0.859375 0.998046875 0.861328125 0.998046875 0.833984375
0 0.240234375 0.828125 0.23828125 0.830078125 0.234375 0.830078125 0.232421875 0.83203125 0.232421875 0.837890625 0.23828125 0.84375 0.23828125 0.845703125 0.240234375 0.845703125 0.2421875 0.84765625 0.244140625 0.84765625 0.24609375 0.845703125 0.24609375 0.83203125 0.2421875 0.828125
0 0.291015625 0.8203125 0.28515625 0.826171875 0.28515625 0.828125 0.28125 0.83203125 0.28125 0.833984375 0.27734375 0.837890625 0.27734375 0.83984375 0.275390625 0.841796875 0.275390625 0.84375 0.2734375 0.845703125 0.271484375 0.845703125 0.26953125 0.84765625 0.26953125 0.849609375 0.267578125 0.8515625 0.267578125 0.87109375 0.275390625 0.87109375 0.27734375 0.869140625 0.27734375 0.8671875 0.279296875 0.865234375 0.279296875 0.861328125 0.28125 0.859375 0.28125 0.857421875 0.283203125 0.85546875 0.283203125 0.853515625 0.28515625 0.8515625 0.28515625 0.84765625 0.287109375 0.845703125 0.287109375 0.8359375 0.2890625 0.833984375 0.2890625 0.83203125 0.291015625 0.830078125 0.291015625 0.828125 0.29296875 0.826171875 0.29296875 0.8203125
0 0.21875 0.80078125 0.216796875 0.802734375 0.216796875 0.8046875 0.21484375 0.806640625 0.21484375 0.810546875 0.212890625 0.8125 0.212890625 0.818359375 0.2109375 0.8203125 0.2109375 0.828125 0.208984375 0.830078125 0.208984375 0.83203125 0.2109375 0.833984375 0.2109375 0.837890625 0.212890625 0.83984375 0.21484375 0.83984375 0.216796875 0.837890625 0.21875 0.837890625 0.220703125 0.8359375 0.220703125 0.833984375 0.22265625 0.83203125 0.22265625 0.806640625 0.220703125 0.8046875 0.220703125 0.802734375
0 0.197265625 0.76171875 0.197265625 0.763671875 0.19921875 0.765625 0.19921875 0.787109375 0.201171875 0.7890625 0.201171875 0.806640625 0.19921875 0.80859375 0.19921875 0.8203125 0.201171875 0.822265625 0.201171875 0.818359375 0.203125 0.81640625 0.203125 0.810546875 0.205078125 0.80859375 0.205078125 0.806640625 0.20703125 0.8046875 0.20703125 0.802734375 0.208984375 0.80078125 0.208984375 0.796875 0.2109375 0.794921875 0.2109375 0.787109375 0.208984375 0.78515625 0.208984375 0.779296875 0.20703125 0.77734375 0.20703125 0.771484375
0 0.396484375 0.619140625 0.39453125 0.62109375 0.392578125 0.62109375 0.37890625 0.634765625 0.37890625 0.63671875 0.376953125 0.638671875 0.376953125 0.640625 0.375 0.642578125 0.375 0.646484375 0.373046875 0.6484375 0.373046875 0.650390625 0.376953125 0.654296875 0.388671875 0.654296875 0.390625 0.65625 0.392578125 0.65625 0.3984375 0.650390625 0.3984375 0.642578125 0.400390625 0.640625 0.400390625 0.63671875 0.40234375 0.634765625 0.40234375 0.630859375 0.404296875 0.62890625 0.404296875 0.623046875 0.40234375 0.623046875 0.400390625 0.62109375 0.3984375 0.62109375
0 0.548828125 0.59375 0.544921875 0.59765625 0.54296875 0.59765625 0.54296875 0.6015625 0.541015625 0.603515625 0.541015625 0.60546875 0.546875 0.611328125 0.548828125 0.611328125 0.55078125 0.61328125 0.564453125 0.61328125 0.568359375 0.609375 0.5703125 0.609375 0.572265625 0.607421875 0.576171875 0.607421875 0.578125 0.60546875 0.580078125 0.60546875 0.580078125 0.6015625 0.578125 0.599609375 0.576171875 0.599609375 0.57421875 0.59765625 0.572265625 0.59765625 0.5703125 0.595703125 0.5625 0.595703125 0.560546875 0.59375
0 0.623046875 0.578125 0.62109375 0.580078125 0.615234375 0.580078125 0.61328125 0.58203125 0.599609375 0.58203125 0.59765625 0.583984375 0.5859375 0.583984375 0.583984375 0.5859375 0.5859375 0.587890625 0.583984375 0.58984375 0.58203125 0.58984375 0.58203125 0.59765625 0.583984375 0.599609375 0.583984375 0.603515625 0.5859375 0.60546875 0.5859375 0.607421875 0.587890625 0.609375 0.59765625 0.609375 0.599609375 0.607421875 0.599609375 0.6015625 0.59375 0.6015625 0.58984375 0.59765625 0.58984375 0.591796875 0.591796875 0.58984375 0.599609375 0.58984375 0.6015625 0.587890625 0.619140625 0.587890625 0.62109375 0.5859375 0.625 0.5859375 0.62890625 0.58203125 0.630859375 0.58203125 0.62890625 0.580078125 0.625 0.580078125
0 0.421875 0.5625 0.419921875 0.564453125 0.408203125 0.564453125 0.404296875 0.568359375 0.404296875 0.5703125 0.40625 0.572265625 0.408203125 0.572265625 0.41015625 0.57421875 0.41796875 0.57421875 0.419921875 0.576171875 0.427734375 0.576171875 0.4296875 0.578125 0.443359375 0.578125 0.443359375 0.572265625 0.439453125 0.568359375 0.4375 0.568359375 0.435546875 0.56640625 0.4296875 0.56640625 0.427734375 0.564453125 0.423828125 0.564453125
0 0.607421875 0.54296875 0.595703125 0.5546875 0.595703125 0.55859375 0.591796875 0.5625 0.587890625 0.5625 0.583984375 0.56640625 0.583984375 0.568359375 0.587890625 0.568359375 0.58984375 0.56640625 0.58984375 0.564453125 0.591796875 0.5625 0.595703125 0.5625 0.59765625 0.564453125 0.59765625 0.56640625 0.595703125 0.568359375 0.599609375 0.568359375 0.599609375 0.56640625 0.6015625 0.564453125 0.6015625 0.5625 0.599609375 0.560546875 0.599609375 0.5546875 0.60546875 0.548828125 0.609375 0.548828125 0.609375 0.54296875
0 0.453125 0.509765625 0.451171875 0.51171875 0.451171875 0.513671875 0.44921875 0.515625 0.44921875 0.517578125 0.447265625 0.51953125 0.447265625 0.52734375 0.4453125 0.529296875 0.4453125 0.533203125 0.447265625 0.53515625 0.447265625 0.537109375 0.451171875 0.541015625 0.455078125 0.541015625 0.455078125 0.537109375 0.45703125 0.53515625 0.45703125 0.51171875 0.455078125 0.509765625
0 0.4140625 0.509765625 0.4140625 0.515625 0.416015625 0.517578125 0.416015625 0.51953125 0.41796875 0.521484375 0.41796875 0.5234375 0.419921875 0.5234375 0.421875 0.525390625 0.423828125 0.525390625 0.42578125 0.52734375 0.427734375 0.52734375 0.4296875 0.529296875 0.43359375 0.529296875 0.435546875 0.52734375 0.435546875 0.521484375 0.431640625 0.517578125 0.431640625 0.515625 0.4296875 0.515625 0.427734375 0.513671875 0.423828125 0.513671875 0.419921875 0.509765625
0 0.6484375 0.50390625 0.646484375 0.505859375 0.64453125 0.505859375 0.64453125 0.5078125 0.642578125 0.509765625 0.642578125 0.51171875 0.64453125 0.513671875 0.6484375 0.513671875 0.650390625 0.51171875 0.654296875 0.51171875 0.65625 0.509765625 0.65625 0.505859375 0.65234375 0.505859375 0.650390625 0.50390625
0 0.953125 0.498046875 0.951171875 0.5 0.951171875 0.50390625 0.953125 0.50390625 0.955078125 0.505859375 0.955078125 0.5078125 0.95703125 0.509765625 0.95703125 0.517578125 0.953125 0.521484375 0.951171875 0.521484375 0.94921875 0.5234375 0.947265625 0.5234375 0.943359375 0.52734375 0.947265625 0.52734375 0.94921875 0.525390625 0.951171875 0.525390625 0.955078125 0.521484375 0.95703125 0.521484375 0.95703125 0.51953125 0.966796875 0.509765625 0.96875 0.509765625 0.974609375 0.50390625 0.974609375 0.498046875 0.96875 0.50390625 0.966796875 0.50390625 0.962890625 0.5 0.9609375 0.5 0.958984375 0.498046875
0 0.876953125 0.48046875 0.875 0.482421875 0.875 0.486328125 0.873046875 0.48828125 0.873046875 0.490234375 0.8671875 0.49609375 0.8671875 0.50390625 0.880859375 0.50390625 0.8828125 0.501953125 0.88671875 0.501953125 0.888671875 0.5 0.890625 0.5 0.892578125 0.498046875 0.892578125 0.49609375 0.8984375 0.490234375 0.90234375 0.490234375 0.908203125 0.484375 0.896484375 0.484375 0.89453125 0.482421875 0.890625 0.482421875 0.888671875 0.48046875
0 0.630859375 0.4375 0.62890625 0.439453125 0.6171875 0.439453125 0.615234375 0.44140625 0.607421875 0.44140625 0.60546875 0.443359375 0.6015625 0.443359375 0.603515625 0.4453125 0.603515625 0.447265625 0.619140625 0.447265625 0.62109375 0.4453125 0.630859375 0.4453125 0.6328125 0.443359375 0.63671875 0.443359375 0.638671875 0.44140625 0.634765625 0.4375
0 0.017578125 0.380859375 0.017578125 0.3828125 0.015625 0.384765625 0.015625 0.38671875 0.013671875 0.388671875 0.013671875 0.390625 0.01171875 0.392578125 0.01171875 0.39453125 0.009765625 0.396484375 0.009765625 0.400390625 0.0078125 0.40234375 0.0078125 0.404296875 0.005859375 0.40625 0.005859375 0.41015625 0.00390625 0.412109375 0.00390625 0.41796875 0.005859375 0.419921875 0.0078125 0.41796875 0.009765625 0.41796875 0.01171875 0.416015625 0.01171875 0.412109375 0.013671875 0.41015625 0.013671875 0.408203125 0.015625 0.40625 0.015625 0.396484375 0.017578125 0.39453125 0.017578125 0.390625 0.01953125 0.388671875 0.01953125 0.384765625 0.021484375 0.3828125 0.01953125 0.380859375
0 0.77734375 0.369140625 0.77734375 0.37109375 0.775390625 0.373046875 0.775390625 0.375 0.78125 0.380859375 0.783203125 0.380859375 0.78515625 0.3828125 0.7890625 0.3828125 0.791015625 0.384765625 0.79296875 0.384765625 0.794921875 0.38671875 0.796875 0.38671875 0.802734375 0.392578125 0.8046875 0.392578125 0.806640625 0.39453125 0.8125 0.39453125 0.8125 0.392578125 0.810546875 0.392578125 0.80859375 0.390625 0.806640625 0.390625 0.8046875 0.388671875 0.8046875 0.3828125 0.80078125 0.37890625 0.794921875 0.37890625 0.79296875 0.376953125 0.791015625 0.376953125 0.783203125 0.369140625
0 0.884765625 0.302734375 0.884765625 0.3046875 0.87890625 0.310546875 0.87890625 0.3125 0.876953125 0.314453125 0.876953125 0.31640625 0.880859375 0.31640625 0.880859375 0.310546875 0.88671875 0.3046875 0.88671875 0.302734375
0 0.19140625 0.283203125 0.189453125 0.28515625 0.189453125 0.2890625 0.1875 0.291015625 0.1875 0.294921875 0.185546875 0.296875 0.185546875 0.298828125 0.18359375 0.30078125 0.18359375 0.302734375 0.181640625 0.3046875 0.181640625 0.306640625 0.1796875 0.30859375 0.1796875 0.3125 0.17578125 0.31640625 0.17578125 0.318359375 0.16796875 0.326171875 0.16796875 0.330078125 0.171875 0.330078125 0.177734375 0.32421875 0.1796875 0.32421875 0.185546875 0.318359375 0.185546875 0.31640625 0.189453125 0.3125 0.189453125 0.30859375 0.19140625 0.306640625 0.19140625 0.3046875 0.193359375 0.302734375 0.193359375 0.298828125 0.1953125 0.296875 0.1953125 0.29296875 0.197265625 0.291015625 0.197265625 0.287109375 0.1953125 0.28515625 0.1953125 0.283203125
0 0.0546875 0.0 0.056640625 0.001953125 0.060546875 0.001953125 0.0625 0.0
