0 0.8203125 0.982421875 0.818359375 0.984375 0.81640625 0.984375 0.814453125 0.986328125 0.8125 0.986328125 0.810546875 0.98828125 0.80859375 0.98828125 0.806640625 0.990234375 0.80078125 0.990234375 0.798828125 0.9921875 0.798828125 0.994140625 0.80078125 0.99609375 0.8046875 0.99609375 0.806640625 0.994140625 0.814453125 0.994140625 0.81640625 0.9921875 0.818359375 0.9921875 0.8203125 0.990234375 0.82421875 0.990234375 0.826171875 0.98828125 0.826171875 0.982421875
0 0.001953125 0.94140625 0.0 0.943359375 0.0 0.951171875 0.001953125 0.953125 0.001953125 0.95703125 0.0 0.958984375 0.001953125 0.9609375 0.001953125 0.962890625 0.0078125 0.962890625 0.0078125 0.9609375 0.009765625 0.958984375 0.009765625 0.955078125 0.0078125 0.953125 0.0078125 0.9453125 0.005859375 0.943359375 0.005859375 0.94140625
0 0.21484375 0.748046875 0.212890625 0.75 0.2109375 0.75 0.212890625 0.75 0.224609375 0.76171875 0.2265625 0.76171875 0.23046875 0.765625 0.232421875 0.765625 0.234375 0.767578125 0.236328125 0.767578125 0.23828125 0.76953125 0.24609375 0.76953125 0.248046875 0.767578125 0.248046875 0.763671875 0.25 0.76171875 0.25 0.759765625 0.24609375 0.755859375 0.244140625 0.755859375 0.2421875 0.75390625 0.236328125 0.75390625 0.234375 0.751953125 0.228515625 0.751953125 0.2265625 0.75 0.22265625 0.75 0.220703125 0.748046875
0 0.255859375 0.4765625 0.25390625 0.478515625 0.25 0.478515625 0.248046875 0.48046875 0.248046875 0.486328125 0.251953125 0.486328125 0.25390625 0.48828125 0.271484375 0.48828125 0.2734375 0.490234375 0.275390625 0.490234375 0.27734375 0.48828125 0.27734375 0.4765625
0 0.884765625 0.423828125 0.88671875 0.42578125 0.88671875 0.427734375 0.888671875 0.4296875 0.888671875 0.431640625 0.896484375 0.439453125 0.896484375 0.44140625 0.8984375 0.443359375 0.900390625 0.443359375 0.90234375 0.44140625 0.90234375 0.439453125 0.896484375 0.43359375 0.89453125 0.43359375 0.888671875 0.427734375 0.888671875 0.42578125 0.88671875 0.423828125
0 0.923828125 0.240234375 0.916015625 0.248046875 0.9140625 0.248046875 0.908203125 0.25390625 0.91015625 0.255859375 0.91796875 0.255859375 0.923828125 0.25 0.923828125 0.248046875 0.931640625 0.240234375
0 0.814453125 0.19921875 0.814453125 0.201171875 0.81640625 0.203125 0.818359375 0.203125 0.8203125 0.205078125 0.826171875 0.205078125 0.826171875 0.201171875 0.822265625 0.201171875 0.8203125 0.19921875
0 0.173828125 0.19921875 0.17578125 0.201171875 0.177734375 0.201171875 0.18359375 0.20703125 0.185546875 0.20703125 0.185546875 0.203125 0.18359375 0.201171875 0.181640625 0.201171875 0.1796875 0.19921875
0 0.185546875 0.18359375 0.18359375 0.185546875 0.181640625 0.185546875 0.1796875 0.1875 0.1796875 0.193359375 0.181640625 0.1953125 0.18359375 0.193359375 0.189453125 0.193359375 0.19140625 0.19140625 0.193359375 0.19140625 0.1953125 0.189453125 0.1953125 0.185546875 0.193359375 0.18359375
0 0.185546875 0.169921875 0.18359375 0.171875 0.181640625 0.171875 0.1796875 0.173828125 0.177734375 0.173828125 0.173828125 0.177734375 0.173828125 0.1796875 0.181640625 0.1796875 0.18359375 0.177734375 0.185546875 0.177734375 0.1875 0.17578125 0.1875 0.171875
0 0.181640625 0.15625 0.1796875 0.158203125 0.177734375 0.158203125 0.17578125 0.16015625 0.173828125 0.16015625 0.17578125 0.162109375 0.181640625 0.162109375 0.185546875 0.158203125 0.18359375 0.15625
0 0.1328125 0.1015625 0.125 0.109375 0.125 0.111328125 0.123046875 0.11328125 0.123046875 0.115234375 0.119140625 0.119140625 0.119140625 0.12109375 0.1171875 0.123046875 0.119140625 0.123046875 0.12109375 0.12109375 0.134765625 0.12109375 0.134765625 0.119140625 0.13671875 0.1171875 0.13671875 0.115234375 0.134765625 0.11328125 0.134765625 0.111328125 0.1328125 0.109375
