0 0.56640625 0.484375 0.56640625 0.486328125 0.560546875 0.4921875 0.560546875 0.494140625 0.55859375 0.49609375 0.560546875 0.498046875 0.5625 0.498046875 0.564453125 0.49609375 0.5703125 0.49609375 0.57421875 0.4921875 0.57421875 0.490234375 0.572265625 0.48828125 0.572265625 0.484375
0 0.771484375 0.470703125 0.771484375 0.47265625 0.76953125 0.474609375 0.767578125 0.474609375 0.763671875 0.478515625 0.763671875 0.490234375 0.765625 0.4921875 0.765625 0.494140625 0.76953125 0.498046875 0.7734375 0.498046875 0.775390625 0.49609375 0.775390625 0.4921875 0.7734375 0.490234375 0.7734375 0.484375 0.77734375 0.48046875 0.77734375 0.478515625 0.78125 0.474609375 0.78125 0.470703125
0 0.5703125 0.423828125 0.568359375 0.42578125 0.568359375 0.4296875 0.560546875 0.4375 0.560546875 0.443359375 0.55859375 0.4453125 0.55859375 0.44921875 0.556640625 0.451171875 0.5546875 0.451171875 0.55078125 0.455078125 0.55078125 0.462890625 0.552734375 0.46484375 0.552734375 0.466796875 0.5546875 0.466796875 0.556640625 0.46875 0.55859375 0.46875 0.560546875 0.470703125 0.56640625 0.470703125 0.5703125 0.466796875 0.5703125 0.46484375 0.576171875 0.458984375 0.576171875 0.455078125 0.57421875 0.453125 0.57421875 0.447265625 0.572265625 0.4453125 0.572265625 0.44140625 0.5703125 0.439453125 0.5703125 0.435546875 0.576171875 0.4296875 0.576171875 0.42578125 0.57421875 0.423828125
0 0.748046875 0.400390625 0.74609375 0.40234375 0.74609375 0.404296875 0.748046875 0.40625 0.75 0.40625 0.751953125 0.408203125 0.7578125 0.408203125 0.7578125 0.40625 0.755859375 0.404296875 0.755859375 0.40234375 0.75390625 0.400390625
0 0.4375 0.30078125 0.4375 0.310546875 0.43359375 0.314453125 0.4296875 0.314453125 0.423828125 0.3203125 0.423828125 0.328125 0.43359375 0.337890625 0.43359375 0.33984375 0.43359375 0.3359375 0.435546875 0.333984375 0.435546875 0.33203125 0.4375 0.330078125 0.439453125 0.330078125 0.44140625 0.328125 0.44140625 0.326171875 0.443359375 0.32421875 0.458984375 0.32421875 0.458984375 0.322265625 0.4609375 0.3203125 0.4609375 0.318359375 0.462890625 0.31640625 0.466796875 0.31640625 0.466796875 0.310546875 0.4609375 0.310546875 0.458984375 0.30859375 0.453125 0.30859375 0.447265625 0.302734375 0.4453125 0.302734375 0.443359375 0.30078125
0 0.400390625 0.298828125 0.396484375 0.302734375 0.396484375 0.3046875 0.400390625 0.30859375 0.41015625 0.30859375 0.412109375 0.306640625 0.412109375 0.302734375 0.41015625 0.30078125 0.408203125 0.30078125 0.40625 0.298828125
0 0.578125 0.294921875 0.576171875 0.296875 0.57421875 0.296875 0.572265625 0.298828125 0.572265625 0.30078125 0.56640625 0.306640625 0.56640625 0.30859375 0.568359375 0.310546875 0.5703125 0.310546875 0.5703125 0.30859375 0.57421875 0.3046875 0.576171875 0.3046875 0.578125 0.302734375 0.580078125 0.3046875 0.58203125 0.302734375 0.583984375 0.302734375 0.5859375 0.30078125 0.5859375 0.298828125 0.583984375 0.296875 0.580078125 0.296875
0 0.470703125 0.228515625 0.46875 0.23046875 0.46875 0.234375 0.466796875 0.236328125 0.466796875 0.23828125 0.46484375 0.240234375 0.46484375 0.24609375 0.466796875 0.248046875 0.46875 0.248046875 0.46875 0.2421875 0.470703125 0.240234375 0.470703125 0.23828125 0.47265625 0.236328125 0.47265625 0.234375 0.474609375 0.232421875 0.474609375 0.23046875 0.47265625 0.228515625
0 0.291015625 0.185546875 0.2890625 0.1875 0.287109375 0.1875 0.28125 0.193359375 0.28125 0.19921875 0.28515625 0.203125 0.28515625 0.21484375 0.287109375 0.216796875 0.2890625 0.216796875 0.291015625 0.21484375 0.29296875 0.21484375 0.294921875 0.212890625 0.296875 0.212890625 0.298828125 0.21484375 0.302734375 0.21484375 0.3046875 0.212890625 0.306640625 0.212890625 0.30859375 0.2109375 0.30859375 0.208984375 0.3125 0.205078125 0.314453125 0.205078125 0.31640625 0.203125 0.318359375 0.203125 0.322265625 0.19921875 0.322265625 0.189453125 0.3203125 0.1875 0.3125 0.1875 0.30859375 0.19140625 0.3046875 0.19140625 0.298828125 0.185546875
0 0.919921875 0.173828125 0.91796875 0.17578125 0.912109375 0.17578125 0.91015625 0.177734375 0.91015625 0.1796875 0.912109375 0.1796875 0.9140625 0.181640625 0.92578125 0.181640625 0.927734375 0.18359375 0.9296875 0.181640625 0.931640625 0.181640625 0.93359375 0.1796875 0.9296875 0.17578125 0.921875 0.17578125
0 0.154296875 0.162109375 0.154296875 0.166015625 0.15234375 0.16796875 0.15234375 0.169921875 0.154296875 0.171875 0.154296875 0.181640625 0.15625 0.18359375 0.15625 0.185546875 0.16015625 0.185546875 0.162109375 0.1875 0.1640625 0.185546875 0.1640625 0.16796875 0.162109375 0.166015625 0.162109375 0.162109375
