0 0.541015625 0.95703125 0.537109375 0.9609375 0.537109375 0.96484375 0.541015625 0.9609375 0.541015625 0.958984375 0.54296875 0.95703125
0 0.595703125 0.951171875 0.59375 0.953125 0.59375 0.955078125 0.595703125 0.955078125 0.59765625 0.953125
0 0.578125 0.935546875 0.576171875 0.9375 0.57421875 0.9375 0.57421875 0.943359375 0.5859375 0.943359375 0.58984375 0.947265625 0.58984375 0.94140625 0.5859375 0.9375 0.580078125 0.9375
0 0.568359375 0.93359375 0.56640625 0.935546875 0.564453125 0.935546875 0.560546875 0.939453125 0.55859375 0.939453125 0.552734375 0.9453125 0.552734375 0.947265625 0.55078125 0.94921875 0.55078125 0.95703125 0.552734375 0.95703125 0.5546875 0.955078125 0.5546875 0.953125 0.556640625 0.951171875 0.556640625 0.94921875 0.55859375 0.947265625 0.56640625 0.947265625 0.568359375 0.9453125 0.5703125 0.9453125 0.5703125 0.94140625 0.56640625 0.94140625 0.564453125 0.939453125 0.568359375 0.935546875
0 0.517578125 0.92578125 0.515625 0.927734375 0.515625 0.9296875 0.513671875 0.931640625 0.513671875 0.939453125 0.51953125 0.939453125 0.521484375 0.9375 0.521484375 0.92578125
0 0.57421875 0.861328125 0.572265625 0.86328125 0.572265625 0.865234375 0.5703125 0.8671875 0.5703125 0.873046875 0.572265625 0.875 0.578125 0.875 0.583984375 0.869140625 0.583984375 0.8671875 0.58203125 0.865234375 0.58203125 0.86328125 0.580078125 0.86328125 0.578125 0.861328125
0 0.5546875 0.806640625 0.55078125 0.810546875 0.548828125 0.810546875 0.548828125 0.814453125 0.552734375 0.814453125 0.552734375 0.8125 0.55859375 0.806640625
0 0.5390625 0.775390625 0.537109375 0.77734375 0.533203125 0.77734375 0.529296875 0.78125 0.529296875 0.783203125 0.53125 0.78515625 0.533203125 0.783203125 0.541015625 0.783203125 0.544921875 0.779296875 0.544921875 0.775390625
0 0.470703125 0.765625 0.470703125 0.76953125 0.47265625 0.771484375 0.474609375 0.771484375 0.4765625 0.7734375 0.486328125 0.7734375 0.48828125 0.771484375 0.490234375 0.771484375 0.4921875 0.76953125 0.494140625 0.76953125 0.494140625 0.767578125 0.4921875 0.765625 0.490234375 0.767578125 0.48828125 0.767578125 0.486328125 0.76953125 0.48046875 0.76953125 0.478515625 0.767578125 0.4765625 0.767578125 0.474609375 0.765625
0 0.52734375 0.763671875 0.52734375 0.771484375 0.525390625 0.7734375 0.525390625 0.775390625 0.52734375 0.7734375 0.52734375 0.771484375 0.529296875 0.76953125 0.529296875 0.765625 0.53125 0.763671875
0 0.8046875 0.630859375 0.802734375 0.6328125 0.798828125 0.6328125 0.7890625 0.642578125 0.787109375 0.642578125 0.78515625 0.64453125 0.783203125 0.64453125 0.779296875 0.6484375 0.78125 0.650390625 0.783203125 0.650390625 0.794921875 0.662109375 0.80078125 0.662109375 0.802734375 0.6640625 0.81640625 0.6640625 0.818359375 0.662109375 0.822265625 0.662109375 0.82421875 0.66015625 0.826171875 0.66015625 0.83203125 0.654296875 0.83203125 0.65234375 0.826171875 0.646484375 0.82421875 0.646484375 0.822265625 0.64453125 0.814453125 0.64453125 0.8125 0.642578125 0.814453125 0.640625 0.814453125 0.63671875 0.80859375 0.630859375
0 0.486328125 0.5625 0.486328125 0.564453125 0.490234375 0.564453125 0.490234375 0.5625
0 0.89453125 0.546875 0.892578125 0.548828125 0.892578125 0.55078125 0.89453125 0.55078125 0.896484375 0.552734375 0.900390625 0.552734375 0.90234375 0.55078125 0.90625 0.55078125 0.90234375 0.546875
0 0.966796875 0.5234375 0.96484375 0.525390625 0.962890625 0.525390625 0.962890625 0.52734375 0.9609375 0.529296875 0.9609375 0.537109375 0.962890625 0.5390625 0.970703125 0.5390625 0.974609375 0.53515625 0.974609375 0.533203125 0.9765625 0.53125 0.9765625 0.525390625 0.974609375 0.525390625 0.97265625 0.5234375
0 0.5078125 0.49609375 0.5078125 0.5 0.5234375 0.5 0.525390625 0.498046875 0.53515625 0.498046875 0.53515625 0.49609375
0 0.98828125 0.244140625 0.98828125 0.25 0.9921875 0.25390625 0.998046875 0.25390625 0.998046875 0.244140625
0 0.974609375 0.13671875 0.970703125 0.140625 0.970703125 0.14453125 0.96875 0.146484375 0.96875 0.154296875 0.96484375 0.158203125 0.96484375 0.16015625 0.962890625 0.162109375 0.962890625 0.1640625 0.96484375 0.166015625 0.96484375 0.16796875 0.966796875 0.169921875 0.970703125 0.169921875 0.97265625 0.16796875 0.974609375 0.16796875 0.9765625 0.166015625 0.9765625 0.1640625 0.978515625 0.162109375 0.978515625 0.158203125 0.98046875 0.15625 0.98046875 0.146484375 0.978515625 0.14453125 0.978515625 0.13671875
0 0.943359375 0.12890625 0.94140625 0.130859375 0.94140625 0.1328125 0.939453125 0.134765625 0.939453125 0.142578125 0.94140625 0.14453125 0.94140625 0.150390625 0.939453125 0.15234375 0.939453125 0.1640625 0.947265625 0.1640625 0.94921875 0.162109375 0.94921875 0.154296875 0.951171875 0.15234375 0.951171875 0.150390625 0.953125 0.1484375 0.953125 0.146484375 0.94921875 0.146484375 0.947265625 0.14453125 0.947265625 0.138671875 0.94921875 0.13671875 0.94921875 0.130859375 0.947265625 0.12890625
