0 0.619140625 0.994140625 0.6171875 0.99609375 0.61328125 0.99609375 0.611328125 0.998046875 0.609375 0.998046875 0.6171875 0.998046875 0.619140625 0.99609375
0 0.3359375 0.986328125 0.333984375 0.98828125 0.333984375 0.990234375 0.3359375 0.990234375 0.337890625 0.9921875 0.33984375 0.9921875 0.34375 0.99609375 0.34765625 0.99609375 0.349609375 0.998046875 0.390625 0.998046875 0.392578125 0.99609375 0.392578125 0.9921875 0.380859375 0.9921875 0.37890625 0.994140625 0.359375 0.994140625 0.357421875 0.9921875 0.3515625 0.9921875 0.349609375 0.990234375 0.34765625 0.990234375 0.345703125 0.98828125 0.341796875 0.98828125 0.33984375 0.986328125
0 0.505859375 0.97265625 0.501953125 0.9765625 0.5 0.9765625 0.498046875 0.978515625 0.49609375 0.978515625 0.494140625 0.98046875 0.4921875 0.98046875 0.494140625 0.982421875 0.498046875 0.982421875 0.5 0.98046875 0.50390625 0.98046875 0.505859375 0.982421875 0.5078125 0.982421875 0.5078125 0.978515625 0.509765625 0.9765625 0.509765625 0.974609375 0.5078125 0.97265625
0 0.421875 0.94921875 0.421875 0.955078125 0.423828125 0.95703125 0.423828125 0.962890625 0.42578125 0.96484375 0.42578125 0.97265625 0.427734375 0.974609375 0.427734375 0.962890625 0.42578125 0.9609375 0.42578125 0.951171875 0.423828125 0.94921875
0 0.59765625 0.923828125 0.595703125 0.92578125 0.59375 0.92578125 0.59375 0.9375 0.591796875 0.939453125 0.591796875 0.943359375 0.58984375 0.9453125 0.58984375 0.947265625 0.59765625 0.947265625 0.599609375 0.9453125 0.6015625 0.9453125 0.603515625 0.943359375 0.60546875 0.943359375 0.607421875 0.94140625 0.609375 0.94140625 0.611328125 0.939453125 0.611328125 0.931640625 0.609375 0.9296875 0.609375 0.927734375 0.60546875 0.923828125
0 0.529296875 0.91796875 0.52734375 0.919921875 0.521484375 0.919921875 0.521484375 0.921875 0.5234375 0.923828125 0.525390625 0.923828125 0.52734375 0.921875 0.5390625 0.921875 0.541015625 0.919921875 0.54296875 0.919921875 0.541015625 0.91796875
0 0.470703125 0.8984375 0.46875 0.900390625 0.466796875 0.900390625 0.466796875 0.904296875 0.46875 0.90625 0.46875 0.91015625 0.470703125 0.912109375 0.470703125 0.9140625 0.47265625 0.916015625 0.47265625 0.91796875 0.474609375 0.919921875 0.474609375 0.923828125 0.4765625 0.92578125 0.4765625 0.9296875 0.478515625 0.931640625 0.478515625 0.93359375 0.482421875 0.9375 0.484375 0.9375 0.486328125 0.939453125 0.48828125 0.939453125 0.48828125 0.927734375 0.486328125 0.92578125 0.486328125 0.921875 0.484375 0.919921875 0.484375 0.91796875 0.48046875 0.9140625 0.48046875 0.912109375 0.478515625 0.91015625 0.478515625 0.904296875 0.47265625 0.8984375
0 0.556640625 0.865234375 0.556640625 0.869140625 0.55859375 0.869140625 0.560546875 0.8671875 0.5625 0.8671875 0.5625 0.865234375
0 0.455078125 0.70703125 0.455078125 0.708984375 0.453125 0.7109375 0.453125 0.72265625 0.45703125 0.7265625 0.462890625 0.7265625 0.46484375 0.724609375 0.466796875 0.724609375 0.466796875 0.716796875 0.46484375 0.71484375 0.46484375 0.7109375 0.4609375 0.70703125
0 0.59375 0.03125 0.591796875 0.033203125 0.58984375 0.033203125 0.587890625 0.03515625 0.5859375 0.03515625 0.58203125 0.0390625 0.58203125 0.04296875 0.58984375 0.04296875 0.591796875 0.041015625 0.59375 0.041015625 0.595703125 0.0390625 0.595703125 0.03515625 0.59765625 0.033203125 0.595703125 0.03125
0 0.57421875 0.0078125 0.572265625 0.009765625 0.572265625 0.013671875 0.576171875 0.013671875 0.580078125 0.009765625 0.580078125 0.0078125
