0 0.828125 0.634765625 0.828125 0.63671875 0.826171875 0.638671875 0.826171875 0.640625 0.828125 0.642578125 0.828125 0.6484375 0.830078125 0.650390625 0.83203125 0.6484375 0.83203125 0.63671875 0.830078125 0.63671875
0 0.96875 0.623046875 0.966796875 0.625 0.96484375 0.625 0.966796875 0.626953125 0.97265625 0.626953125 0.974609375 0.62890625 0.974609375 0.630859375 0.9765625 0.6328125 0.9765625 0.634765625 0.98046875 0.634765625 0.982421875 0.6328125 0.982421875 0.62890625 0.978515625 0.625 0.974609375 0.625 0.97265625 0.623046875
0 0.658203125 0.587890625 0.658203125 0.58984375 0.65625 0.591796875 0.654296875 0.591796875 0.65234375 0.59375 0.646484375 0.59375 0.64453125 0.595703125 0.65234375 0.595703125 0.654296875 0.59765625 0.654296875 0.599609375 0.6484375 0.60546875 0.64453125 0.60546875 0.64453125 0.607421875 0.6484375 0.607421875 0.650390625 0.609375 0.650390625 0.61328125 0.65625 0.61328125 0.658203125 0.615234375 0.6640625 0.615234375 0.666015625 0.61328125 0.669921875 0.61328125 0.669921875 0.60546875 0.673828125 0.6015625 0.673828125 0.591796875 0.66796875 0.591796875 0.6640625 0.587890625
0 0.78125 0.58203125 0.779296875 0.583984375 0.775390625 0.583984375 0.7734375 0.5859375 0.771484375 0.5859375 0.76953125 0.587890625 0.76953125 0.591796875 0.763671875 0.59765625 0.76171875 0.59765625 0.759765625 0.599609375 0.7578125 0.599609375 0.7578125 0.60546875 0.755859375 0.607421875 0.7578125 0.609375 0.76171875 0.609375 0.767578125 0.603515625 0.767578125 0.599609375 0.76953125 0.59765625 0.76953125 0.595703125 0.775390625 0.58984375 0.78125 0.58984375 0.78515625 0.5859375 0.78515625 0.583984375 0.787109375 0.58203125
0 0.65625 0.55859375 0.654296875 0.560546875 0.654296875 0.5625 0.65234375 0.564453125 0.66015625 0.564453125 0.662109375 0.5625 0.6640625 0.5625 0.6640625 0.560546875 0.66015625 0.560546875 0.658203125 0.55859375
0 0.87109375 0.552734375 0.87109375 0.556640625 0.873046875 0.55859375 0.875 0.55859375 0.876953125 0.560546875 0.87890625 0.55859375 0.87890625 0.5546875 0.876953125 0.552734375
0 0.83984375 0.548828125 0.837890625 0.55078125 0.837890625 0.552734375 0.83984375 0.5546875 0.83984375 0.5625 0.837890625 0.564453125 0.837890625 0.572265625 0.83984375 0.57421875 0.84375 0.5703125 0.84375 0.56640625 0.845703125 0.564453125 0.845703125 0.5625 0.84375 0.560546875 0.84375 0.5546875 0.841796875 0.552734375 0.841796875 0.55078125
0 0.65234375 0.548828125 0.6484375 0.552734375 0.640625 0.552734375 0.638671875 0.5546875 0.638671875 0.556640625 0.640625 0.55859375 0.6484375 0.55859375 0.650390625 0.556640625 0.650390625 0.552734375 0.654296875 0.548828125 0.658203125 0.548828125
0 0.791015625 0.5234375 0.7890625 0.525390625 0.78515625 0.525390625 0.783203125 0.52734375 0.78125 0.52734375 0.78125 0.53125 0.783203125 0.53125 0.78515625 0.529296875 0.7890625 0.529296875 0.791015625 0.52734375 0.794921875 0.52734375 0.796875 0.529296875 0.798828125 0.529296875 0.802734375 0.533203125 0.802734375 0.537109375 0.8046875 0.5390625 0.8046875 0.55078125 0.806640625 0.552734375 0.80859375 0.552734375 0.810546875 0.5546875 0.8125 0.552734375 0.814453125 0.552734375 0.814453125 0.53125 0.8125 0.53125 0.810546875 0.529296875 0.802734375 0.529296875 0.80078125 0.52734375 0.80078125 0.525390625 0.798828125 0.5234375
0 0.68359375 0.51953125 0.677734375 0.525390625 0.67578125 0.525390625 0.671875 0.529296875 0.66796875 0.529296875 0.666015625 0.53125 0.6640625 0.53125 0.662109375 0.533203125 0.642578125 0.533203125 0.63671875 0.5390625 0.63671875 0.541015625 0.640625 0.541015625 0.64453125 0.537109375 0.646484375 0.537109375 0.6484375 0.53515625 0.662109375 0.53515625 0.6640625 0.537109375 0.6640625 0.54296875 0.669921875 0.54296875 0.669921875 0.5390625 0.66796875 0.537109375 0.66796875 0.533203125 0.673828125 0.52734375 0.677734375 0.52734375 0.6796875 0.525390625 0.6875 0.525390625 0.69140625 0.521484375 0.69140625 0.51953125
0 0.892578125 0.466796875 0.890625 0.46875 0.888671875 0.46875 0.888671875 0.470703125 0.88671875 0.47265625 0.88671875 0.474609375 0.884765625 0.4765625 0.884765625 0.48046875 0.8828125 0.482421875 0.8828125 0.48828125 0.884765625 0.490234375 0.88671875 0.490234375 0.888671875 0.48828125 0.890625 0.48828125 0.890625 0.486328125 0.892578125 0.484375 0.892578125 0.482421875 0.8984375 0.4765625 0.90234375 0.4765625 0.908203125 0.482421875 0.908203125 0.4921875 0.91015625 0.494140625 0.91015625 0.49609375 0.9140625 0.49609375 0.916015625 0.498046875 0.91796875 0.498046875 0.919921875 0.49609375 0.923828125 0.49609375 0.923828125 0.482421875 0.92578125 0.48046875 0.927734375 0.48046875 0.9296875 0.478515625 0.943359375 0.478515625 0.943359375 0.4765625 0.94140625 0.474609375 0.9375 0.474609375 0.935546875 0.47265625 0.923828125 0.47265625 0.921875 0.470703125 0.912109375 0.470703125 0.91015625 0.46875 0.904296875 0.46875 0.90234375 0.466796875
0 0.775390625 0.46484375 0.7734375 0.466796875 0.763671875 0.466796875 0.759765625 0.470703125 0.759765625 0.482421875 0.76171875 0.484375 0.767578125 0.484375 0.76953125 0.482421875 0.771484375 0.482421875 0.775390625 0.478515625 0.77734375 0.478515625 0.78125 0.474609375 0.78125 0.47265625 0.78515625 0.46875 0.78515625 0.466796875 0.783203125 0.466796875 0.78125 0.46484375
0 0.8125 0.44921875 0.810546875 0.451171875 0.80859375 0.451171875 0.80859375 0.453125 0.810546875 0.455078125 0.80859375 0.45703125 0.802734375 0.45703125 0.802734375 0.458984375 0.80859375 0.458984375 0.810546875 0.4609375 0.810546875 0.462890625 0.80859375 0.46484375 0.80859375 0.466796875 0.8125 0.466796875 0.814453125 0.46484375 0.81640625 0.466796875 0.818359375 0.466796875 0.822265625 0.470703125 0.822265625 0.47265625 0.82421875 0.474609375 0.82421875 0.4765625 0.8203125 0.48046875 0.818359375 0.48046875 0.81640625 0.482421875 0.8203125 0.486328125 0.826171875 0.486328125 0.828125 0.48828125 0.828125 0.4921875 0.82421875 0.49609375 0.822265625 0.49609375 0.822265625 0.5 0.82421875 0.501953125 0.826171875 0.501953125 0.828125 0.50390625 0.83203125 0.50390625 0.833984375 0.505859375 0.84375 0.505859375 0.845703125 0.50390625 0.845703125 0.5 0.84375 0.498046875 0.83984375 0.498046875 0.837890625 0.49609375 0.837890625 0.48828125 0.83984375 0.486328125 0.83984375 0.484375 0.84375 0.48046875 0.84375 0.478515625 0.845703125 0.4765625 0.845703125 0.470703125 0.84765625 0.46875 0.84765625 0.46484375 0.845703125 0.462890625 0.841796875 0.462890625 0.83984375 0.46484375 0.822265625 0.46484375 0.81640625 0.458984375 0.822265625 0.453125 0.8203125 0.451171875 0.8203125 0.44921875
0 0.966796875 0.3359375 0.96484375 0.337890625 0.958984375 0.337890625 0.95703125 0.33984375 0.955078125 0.33984375 0.951171875 0.34375 0.94921875 0.34375 0.947265625 0.345703125 0.94140625 0.345703125 0.939453125 0.34765625 0.939453125 0.349609375 0.94140625 0.3515625 0.94921875 0.3515625 0.951171875 0.349609375 0.955078125 0.349609375 0.958984375 0.345703125 0.962890625 0.345703125 0.96484375 0.34375 0.974609375 0.34375 0.974609375 0.341796875 0.9765625 0.33984375 0.9765625 0.337890625 0.974609375 0.3359375
0 0.919921875 0.31640625 0.91796875 0.318359375 0.916015625 0.318359375 0.916015625 0.322265625 0.919921875 0.322265625 0.921875 0.32421875 0.927734375 0.32421875 0.9296875 0.326171875 0.94921875 0.326171875 0.951171875 0.32421875 0.951171875 0.3203125 0.94921875 0.318359375 0.9453125 0.318359375 0.943359375 0.31640625
0 0.5546875 0.15625 0.552734375 0.158203125 0.552734375 0.16015625 0.55078125 0.162109375 0.546875 0.162109375 0.544921875 0.1640625 0.544921875 0.166015625 0.541015625 0.169921875 0.5390625 0.169921875 0.537109375 0.171875 0.53515625 0.171875 0.53515625 0.173828125 0.533203125 0.17578125 0.533203125 0.1796875 0.53515625 0.181640625 0.53515625 0.18359375 0.5390625 0.1875 0.541015625 0.1875 0.54296875 0.189453125 0.5546875 0.189453125 0.55859375 0.185546875 0.55859375 0.171875 0.556640625 0.169921875 0.556640625 0.158203125 0.55859375 0.15625
0 0.724609375 0.134765625 0.72265625 0.13671875 0.72265625 0.138671875 0.720703125 0.140625 0.720703125 0.142578125 0.72265625 0.14453125 0.72265625 0.1484375 0.724609375 0.150390625 0.724609375 0.15234375 0.728515625 0.15234375 0.732421875 0.1484375 0.732421875 0.140625 0.73046875 0.138671875 0.73046875 0.13671875 0.732421875 0.134765625
0 0.50390625 0.099609375 0.513671875 0.109375 0.513671875 0.11328125 0.515625 0.11328125 0.517578125 0.115234375 0.51953125 0.115234375 0.521484375 0.11328125 0.521484375 0.107421875 0.51953125 0.10546875 0.51953125 0.103515625 0.515625 0.099609375
0 0.705078125 0.056640625 0.703125 0.05859375 0.705078125 0.060546875 0.705078125 0.0625 0.7109375 0.068359375 0.712890625 0.068359375 0.71484375 0.0703125 0.716796875 0.0703125 0.716796875 0.060546875 0.71484375 0.05859375 0.712890625 0.05859375 0.7109375 0.056640625
0 0.634765625 0.0546875 0.6328125 0.056640625 0.630859375 0.056640625 0.62890625 0.05859375 0.62890625 0.064453125 0.6328125 0.068359375 0.634765625 0.068359375 0.634765625 0.06640625 0.640625 0.060546875 0.642578125 0.060546875 0.64453125 0.05859375 0.64453125 0.056640625 0.642578125 0.0546875
