0 0.337890625 0.994140625 0.3359375 0.99609375 0.33203125 0.99609375 0.330078125 0.998046875 0.328125 0.998046875 0.341796875 0.998046875
0 0.197265625 0.966796875 0.197265625 0.96875 0.201171875 0.97265625 0.201171875 0.9765625 0.203125 0.9765625 0.203125 0.97265625 0.19921875 0.96875 0.19921875 0.966796875
0 0.189453125 0.9609375 0.189453125 0.962890625 0.1875 0.96484375 0.1875 0.970703125 0.19140625 0.966796875 0.19140625 0.962890625
0 0.01953125 0.958984375 0.017578125 0.9609375 0.013671875 0.9609375 0.00390625 0.970703125 0.0 0.970703125 0.0 0.9765625 0.009765625 0.9765625 0.01171875 0.974609375 0.013671875 0.974609375 0.015625 0.97265625 0.017578125 0.97265625 0.0234375 0.966796875 0.0234375 0.962890625 0.025390625 0.9609375 0.0234375 0.958984375
0 0.201171875 0.955078125 0.19921875 0.95703125 0.19921875 0.9609375 0.201171875 0.958984375
0 0.95703125 0.75 0.955078125 0.751953125 0.953125 0.751953125 0.951171875 0.75390625 0.94921875 0.75390625 0.947265625 0.755859375 0.9453125 0.755859375 0.943359375 0.7578125 0.943359375 0.76171875 0.94140625 0.763671875 0.9453125 0.767578125 0.947265625 0.767578125 0.94921875 0.76953125 0.95703125 0.76953125 0.958984375 0.771484375 0.978515625 0.771484375 0.98046875 0.76953125 0.982421875 0.76953125 0.986328125 0.765625 0.986328125 0.759765625 0.984375 0.759765625 0.982421875 0.7578125 0.9765625 0.7578125 0.97265625 0.75390625 0.96875 0.75390625 0.966796875 0.751953125 0.96484375 0.751953125 0.962890625 0.75
0 0.916015625 0.71875 0.9140625 0.720703125 0.912109375 0.720703125 0.91015625 0.72265625 0.908203125 0.72265625 0.90625 0.724609375 0.90625 0.7265625 0.90234375 0.73046875 0.90234375 0.732421875 0.8984375 0.736328125 0.8984375 0.7421875 0.900390625 0.7421875 0.90234375 0.744140625 0.908203125 0.744140625 0.91015625 0.7421875 0.912109375 0.7421875 0.9140625 0.740234375 0.916015625 0.740234375 0.91796875 0.73828125 0.919921875 0.73828125 0.919921875 0.736328125 0.923828125 0.732421875 0.9296875 0.732421875 0.931640625 0.73046875 0.935546875 0.73046875 0.9375 0.728515625 0.9375 0.7265625 0.939453125 0.724609375 0.939453125 0.720703125 0.935546875 0.720703125 0.93359375 0.71875
0 0.89453125 0.701171875 0.892578125 0.703125 0.890625 0.703125 0.884765625 0.708984375 0.8828125 0.708984375 0.880859375 0.7109375 0.87890625 0.7109375 0.876953125 0.712890625 0.875 0.712890625 0.873046875 0.71484375 0.87109375 0.71484375 0.87109375 0.716796875 0.869140625 0.71875 0.869140625 0.73046875 0.87109375 0.732421875 0.87109375 0.734375 0.875 0.73828125 0.87890625 0.73828125 0.880859375 0.740234375 0.88671875 0.734375 0.888671875 0.734375 0.888671875 0.732421875 0.892578125 0.728515625 0.892578125 0.72265625 0.89453125 0.720703125 0.89453125 0.71875 0.896484375 0.716796875 0.896484375 0.703125
0 0.052734375 0.603515625 0.048828125 0.607421875 0.048828125 0.615234375 0.052734375 0.615234375 0.052734375 0.611328125 0.0546875 0.609375 0.0546875 0.603515625
0 0.595703125 0.447265625 0.59375 0.44921875 0.591796875 0.44921875 0.591796875 0.45703125 0.59375 0.458984375 0.595703125 0.458984375 0.59765625 0.4609375 0.599609375 0.4609375 0.60546875 0.466796875 0.60546875 0.46875 0.609375 0.47265625 0.609375 0.482421875 0.607421875 0.484375 0.603515625 0.484375 0.603515625 0.48828125 0.60546875 0.490234375 0.60546875 0.498046875 0.603515625 0.5 0.603515625 0.501953125 0.599609375 0.505859375 0.59375 0.505859375 0.59375 0.5078125 0.595703125 0.509765625 0.59765625 0.509765625 0.599609375 0.51171875 0.6015625 0.51171875 0.603515625 0.513671875 0.603515625 0.515625 0.599609375 0.51953125 0.59375 0.51953125 0.59375 0.52734375 0.603515625 0.52734375 0.60546875 0.525390625 0.607421875 0.525390625 0.607421875 0.5234375 0.609375 0.521484375 0.619140625 0.521484375 0.62109375 0.51953125 0.62109375 0.517578125 0.6171875 0.513671875 0.61328125 0.513671875 0.611328125 0.51171875 0.611328125 0.505859375 0.61328125 0.50390625 0.615234375 0.50390625 0.6171875 0.501953125 0.6171875 0.470703125 0.609375 0.462890625 0.609375 0.458984375 0.611328125 0.45703125 0.61328125 0.45703125 0.61328125 0.453125 0.611328125 0.451171875 0.611328125 0.44921875 0.6015625 0.44921875 0.599609375 0.447265625
0 0.666015625 0.43359375 0.6640625 0.435546875 0.6640625 0.44140625 0.666015625 0.443359375 0.666015625 0.4453125 0.669921875 0.44921875 0.671875 0.44921875 0.673828125 0.451171875 0.6875 0.451171875 0.689453125 0.44921875 0.69140625 0.44921875 0.693359375 0.447265625 0.693359375 0.443359375 0.681640625 0.443359375 0.6796875 0.44140625 0.677734375 0.44140625 0.669921875 0.43359375
0 0.650390625 0.3984375 0.6484375 0.400390625 0.6484375 0.40234375 0.646484375 0.404296875 0.6484375 0.40625 0.6484375 0.408203125 0.658203125 0.41796875 0.66015625 0.41796875 0.662109375 0.419921875 0.662109375 0.421875 0.6640625 0.421875 0.666015625 0.423828125 0.66796875 0.423828125 0.669921875 0.42578125 0.669921875 0.427734375 0.671875 0.4296875 0.677734375 0.4296875 0.6796875 0.431640625 0.68359375 0.431640625 0.685546875 0.4296875 0.685546875 0.427734375 0.68359375 0.42578125 0.677734375 0.42578125 0.67578125 0.423828125 0.671875 0.423828125 0.6640625 0.416015625 0.662109375 0.416015625 0.658203125 0.412109375 0.65625 0.412109375 0.650390625 0.40625 0.650390625 0.40234375 0.65234375 0.400390625
0 0.6875 0.369140625 0.69140625 0.373046875 0.697265625 0.373046875 0.701171875 0.376953125 0.708984375 0.376953125 0.7109375 0.37890625 0.712890625 0.37890625 0.712890625 0.373046875 0.703125 0.373046875 0.701171875 0.37109375 0.697265625 0.37109375 0.6953125 0.369140625
0 0.158203125 0.181640625 0.15625 0.18359375 0.15625 0.189453125 0.16015625 0.193359375 0.1640625 0.193359375 0.16796875 0.189453125 0.166015625 0.1875 0.166015625 0.18359375 0.1640625 0.181640625
