0 0.0390625 0.328125 0.037109375 0.330078125 0.037109375 0.333984375 0.04296875 0.333984375 0.044921875 0.33203125 0.044921875 0.328125
0 0.017578125 0.3203125 0.015625 0.322265625 0.015625 0.32421875 0.017578125 0.32421875 0.01953125 0.326171875 0.01953125 0.328125 0.021484375 0.330078125 0.0234375 0.328125 0.02734375 0.328125 0.02734375 0.326171875 0.025390625 0.326171875 0.01953125 0.3203125
0 0.048828125 0.283203125 0.048828125 0.28515625 0.046875 0.287109375 0.048828125 0.2890625 0.05078125 0.2890625 0.052734375 0.291015625 0.052734375 0.29296875 0.056640625 0.29296875 0.0546875 0.291015625 0.056640625 0.2890625 0.05859375 0.2890625 0.0546875 0.2890625 0.052734375 0.287109375 0.052734375 0.283203125
0 0.134765625 0.2578125 0.134765625 0.271484375 0.140625 0.271484375 0.142578125 0.26953125 0.14453125 0.271484375 0.146484375 0.271484375 0.150390625 0.275390625 0.15234375 0.2734375 0.15234375 0.271484375 0.150390625 0.26953125 0.146484375 0.26953125 0.142578125 0.265625 0.142578125 0.263671875 0.13671875 0.2578125
0 0.16015625 0.25 0.15625 0.25390625 0.15625 0.255859375 0.158203125 0.2578125 0.16015625 0.255859375 0.1640625 0.255859375 0.1640625 0.25390625 0.166015625 0.251953125 0.1640625 0.25
0 0.109375 0.228515625 0.107421875 0.23046875 0.09765625 0.23046875 0.095703125 0.232421875 0.091796875 0.232421875 0.087890625 0.236328125 0.087890625 0.23828125 0.095703125 0.23828125 0.09765625 0.236328125 0.10546875 0.236328125 0.107421875 0.234375 0.111328125 0.234375 0.115234375 0.23046875 0.115234375 0.228515625
0 0.134765625 0.185546875 0.1328125 0.1875 0.130859375 0.1875 0.12890625 0.189453125 0.130859375 0.19140625 0.130859375 0.193359375 0.134765625 0.197265625 0.146484375 0.197265625 0.1484375 0.19921875 0.15234375 0.19921875 0.154296875 0.201171875 0.158203125 0.201171875 0.16015625 0.203125 0.16796875 0.203125 0.169921875 0.205078125 0.173828125 0.205078125 0.173828125 0.197265625 0.171875 0.197265625 0.169921875 0.1953125 0.16796875 0.1953125 0.166015625 0.193359375 0.162109375 0.193359375 0.16015625 0.19140625 0.158203125 0.19140625 0.15625 0.189453125 0.154296875 0.189453125 0.15234375 0.1875 0.146484375 0.1875 0.14453125 0.185546875
0 0.1328125 0.16015625 0.1328125 0.1640625 0.14453125 0.1640625 0.146484375 0.166015625 0.150390625 0.166015625 0.150390625 0.162109375 0.146484375 0.162109375 0.14453125 0.16015625
0 0.197265625 0.1328125 0.1953125 0.134765625 0.189453125 0.134765625 0.189453125 0.13671875 0.185546875 0.140625 0.185546875 0.146484375 0.1875 0.1484375 0.1875 0.150390625 0.1953125 0.150390625 0.203125 0.142578125 0.203125 0.13671875 0.201171875 0.134765625 0.19921875 0.134765625
0 0.1171875 0.111328125 0.115234375 0.11328125 0.109375 0.11328125 0.095703125 0.126953125 0.095703125 0.12890625 0.091796875 0.1328125 0.091796875 0.134765625 0.095703125 0.138671875 0.09765625 0.138671875 0.099609375 0.13671875 0.1015625 0.13671875 0.10546875 0.1328125 0.107421875 0.1328125 0.11328125 0.126953125 0.115234375 0.126953125 0.1171875 0.125 0.1171875 0.123046875 0.12890625 0.111328125
0 0.24609375 0.095703125 0.24609375 0.099609375 0.2578125 0.111328125 0.263671875 0.111328125 0.263671875 0.109375 0.25 0.095703125
0 0.181640625 0.083984375 0.1796875 0.0859375 0.17578125 0.0859375 0.173828125 0.087890625 0.171875 0.087890625 0.171875 0.099609375 0.173828125 0.1015625 0.17578125 0.1015625 0.177734375 0.103515625 0.189453125 0.103515625 0.19140625 0.10546875 0.1953125 0.10546875 0.197265625 0.107421875 0.20703125 0.107421875 0.208984375 0.109375 0.208984375 0.103515625 0.20703125 0.1015625 0.20703125 0.099609375 0.205078125 0.09765625 0.205078125 0.09375 0.203125 0.091796875 0.203125 0.08984375 0.19921875 0.0859375 0.197265625 0.0859375 0.1953125 0.083984375
0 0.16015625 0.07421875 0.158203125 0.076171875 0.15625 0.076171875 0.15625 0.08203125 0.16015625 0.08203125 0.16015625 0.080078125 0.1640625 0.076171875 0.1640625 0.07421875
0 0.1953125 0.0625 0.1953125 0.068359375 0.197265625 0.068359375 0.19921875 0.0703125 0.201171875 0.068359375 0.201171875 0.0625
0 0.23046875 0.033203125 0.23046875 0.03515625 0.232421875 0.03515625 0.234375 0.037109375 0.25 0.037109375 0.248046875 0.03515625 0.248046875 0.033203125
0 0.0390625 0.03125 0.037109375 0.033203125 0.03515625 0.033203125 0.029296875 0.0390625 0.0234375 0.033203125 0.01171875 0.033203125 0.009765625 0.03515625 0.0078125 0.03515625 0.0078125 0.037109375 0.015625 0.037109375 0.017578125 0.0390625 0.017578125 0.041015625 0.021484375 0.041015625 0.0234375 0.0390625 0.02734375 0.0390625 0.029296875 0.041015625 0.029296875 0.044921875 0.033203125 0.044921875 0.03515625 0.04296875 0.0390625 0.04296875 0.041015625 0.044921875 0.04296875 0.044921875 0.044921875 0.046875 0.044921875 0.048828125 0.046875 0.05078125 0.046875 0.052734375 0.048828125 0.0546875 0.048828125 0.056640625 0.05078125 0.056640625 0.0546875 0.060546875 0.05859375 0.060546875 0.060546875 0.05859375 0.0625 0.05859375 0.06640625 0.0546875 0.06640625 0.048828125 0.0625 0.044921875 0.0625 0.04296875 0.060546875 0.041015625 0.060546875 0.0390625 0.05859375 0.0390625 0.052734375 0.033203125 0.048828125 0.033203125 0.046875 0.03125
0 0.951171875 0.013671875 0.94921875 0.015625 0.943359375 0.015625 0.94140625 0.017578125 0.94140625 0.021484375 0.943359375 0.0234375 0.951171875 0.0234375 0.953125 0.021484375 0.955078125 0.021484375 0.95703125 0.01953125 0.958984375 0.01953125 0.958984375 0.015625 0.95703125 0.015625 0.955078125 0.013671875
