0 0.60546875 0.861328125 0.60546875 0.86328125 0.6015625 0.8671875 0.6015625 0.873046875 0.603515625 0.873046875 0.603515625 0.8671875 0.607421875 0.86328125 0.607421875 0.861328125
0 0.609375 0.83203125 0.60546875 0.8359375 0.60546875 0.837890625 0.603515625 0.83984375 0.603515625 0.841796875 0.607421875 0.841796875 0.607421875 0.83984375 0.609375 0.837890625 0.615234375 0.837890625 0.61328125 0.837890625 0.611328125 0.8359375 0.611328125 0.833984375 0.61328125 0.83203125
0 0.681640625 0.482421875 0.6796875 0.484375 0.6796875 0.486328125 0.677734375 0.48828125 0.677734375 0.49609375 0.673828125 0.5 0.671875 0.5 0.666015625 0.494140625 0.666015625 0.498046875 0.662109375 0.501953125 0.658203125 0.501953125 0.658203125 0.505859375 0.6640625 0.505859375 0.669921875 0.51171875 0.673828125 0.51171875 0.677734375 0.5078125 0.677734375 0.505859375 0.6796875 0.50390625 0.6796875 0.5 0.681640625 0.498046875 0.681640625 0.4921875 0.68359375 0.490234375 0.68359375 0.482421875
0 0.630859375 0.41015625 0.62890625 0.412109375 0.62890625 0.4140625 0.630859375 0.416015625 0.6328125 0.416015625 0.6328125 0.41015625
0 0.455078125 0.41015625 0.455078125 0.412109375 0.453125 0.4140625 0.453125 0.416015625 0.45703125 0.416015625 0.458984375 0.4140625 0.458984375 0.41015625
0 0.67578125 0.3828125 0.673828125 0.384765625 0.673828125 0.38671875 0.671875 0.388671875 0.673828125 0.388671875 0.67578125 0.38671875 0.677734375 0.38671875 0.677734375 0.3828125
0 0.49609375 0.353515625 0.494140625 0.35546875 0.494140625 0.357421875 0.498046875 0.357421875 0.5 0.35546875 0.498046875 0.353515625
0 0.322265625 0.34375 0.322265625 0.353515625 0.326171875 0.357421875 0.328125 0.357421875 0.330078125 0.35546875 0.330078125 0.349609375 0.328125 0.34765625 0.328125 0.34375
0 0.384765625 0.205078125 0.380859375 0.208984375 0.380859375 0.21875 0.384765625 0.22265625 0.384765625 0.23046875 0.38671875 0.232421875 0.388671875 0.23046875 0.388671875 0.2265625 0.390625 0.224609375 0.390625 0.22265625 0.392578125 0.220703125 0.392578125 0.216796875 0.390625 0.21484375 0.390625 0.208984375 0.388671875 0.20703125 0.388671875 0.205078125
0 0.439453125 0.03515625 0.44140625 0.037109375 0.439453125 0.0390625 0.439453125 0.04296875 0.44140625 0.04296875 0.443359375 0.044921875 0.4453125 0.044921875 0.4453125 0.037109375 0.443359375 0.03515625
