0 0.94140625 0.98046875 0.92578125 0.99609375 0.923828125 0.99609375 0.921875 0.998046875 0.943359375 0.998046875 0.943359375 0.99609375 0.9453125 0.994140625 0.9453125 0.986328125 0.947265625 0.984375 0.947265625 0.98046875
0 0.6484375 0.771484375 0.646484375 0.7734375 0.642578125 0.7734375 0.640625 0.775390625 0.638671875 0.775390625 0.63671875 0.77734375 0.634765625 0.77734375 0.634765625 0.779296875 0.6328125 0.78125 0.6328125 0.783203125 0.634765625 0.78515625 0.634765625 0.79296875 0.638671875 0.79296875 0.638671875 0.791015625 0.640625 0.7890625 0.642578125 0.7890625 0.646484375 0.78515625 0.64453125 0.783203125 0.646484375 0.78125 0.646484375 0.779296875 0.6484375 0.77734375 0.66015625 0.77734375 0.666015625 0.783203125 0.669921875 0.783203125 0.671875 0.78125 0.673828125 0.78125 0.67578125 0.779296875 0.6796875 0.779296875 0.6796875 0.775390625 0.677734375 0.775390625 0.67578125 0.7734375 0.666015625 0.7734375 0.6640625 0.771484375
0 0.396484375 0.736328125 0.392578125 0.740234375 0.392578125 0.744140625 0.396484375 0.744140625 0.3984375 0.74609375 0.3984375 0.748046875 0.392578125 0.75390625 0.392578125 0.7578125 0.396484375 0.7578125 0.396484375 0.751953125 0.40234375 0.74609375 0.40625 0.74609375 0.404296875 0.74609375 0.400390625 0.7421875 0.3984375 0.7421875 0.396484375 0.740234375 0.3984375 0.73828125 0.3984375 0.736328125
0 0.55859375 0.59765625 0.556640625 0.599609375 0.552734375 0.599609375 0.552734375 0.603515625 0.556640625 0.603515625 0.560546875 0.607421875 0.564453125 0.607421875 0.564453125 0.60546875 0.56640625 0.603515625 0.572265625 0.603515625 0.57421875 0.60546875 0.580078125 0.60546875 0.580078125 0.6015625 0.578125 0.599609375 0.57421875 0.599609375 0.572265625 0.59765625 0.568359375 0.59765625 0.564453125 0.6015625 0.5625 0.6015625
0 0.87890625 0.576171875 0.87890625 0.580078125 0.8828125 0.580078125 0.880859375 0.578125 0.880859375 0.576171875
0 0.87109375 0.564453125 0.8671875 0.568359375 0.8671875 0.576171875 0.869140625 0.576171875 0.869140625 0.572265625 0.873046875 0.568359375 0.873046875 0.56640625
0 0.89453125 0.552734375 0.89453125 0.5546875 0.892578125 0.556640625 0.892578125 0.55859375 0.88671875 0.564453125 0.88671875 0.572265625 0.888671875 0.572265625 0.890625 0.5703125 0.892578125 0.5703125 0.892578125 0.568359375 0.89453125 0.56640625
0 0.20703125 0.515625 0.20703125 0.51953125 0.2109375 0.51953125 0.212890625 0.517578125 0.212890625 0.515625
0 0.083984375 0.470703125 0.08203125 0.47265625 0.08203125 0.474609375 0.080078125 0.4765625 0.080078125 0.4921875 0.078125 0.494140625 0.078125 0.5078125 0.080078125 0.509765625 0.080078125 0.51171875 0.08203125 0.509765625 0.083984375 0.509765625 0.083984375 0.505859375 0.0859375 0.50390625 0.0859375 0.498046875 0.087890625 0.49609375 0.087890625 0.474609375 0.0859375 0.47265625 0.0859375 0.470703125
0 0.76953125 0.40234375 0.767578125 0.404296875 0.767578125 0.4140625 0.76953125 0.416015625 0.767578125 0.41796875 0.767578125 0.419921875 0.765625 0.421875 0.765625 0.423828125 0.755859375 0.43359375 0.75390625 0.43359375 0.751953125 0.435546875 0.7578125 0.435546875 0.759765625 0.4375 0.763671875 0.4375 0.765625 0.435546875 0.765625 0.431640625 0.763671875 0.4296875 0.763671875 0.427734375 0.767578125 0.423828125 0.76953125 0.423828125 0.771484375 0.421875 0.771484375 0.416015625 0.76953125 0.4140625 0.771484375 0.412109375 0.771484375 0.41015625 0.7734375 0.408203125 0.7734375 0.40234375
0 0.884765625 0.37109375 0.880859375 0.375 0.87890625 0.375 0.876953125 0.376953125 0.875 0.376953125 0.876953125 0.37890625 0.876953125 0.380859375 0.87890625 0.380859375 0.8828125 0.384765625 0.8828125 0.38671875 0.880859375 0.388671875 0.880859375 0.390625 0.87890625 0.392578125 0.87890625 0.40234375 0.873046875 0.408203125 0.873046875 0.42578125 0.875 0.427734375 0.875 0.43359375 0.876953125 0.43359375 0.87890625 0.435546875 0.8828125 0.431640625 0.8828125 0.419921875 0.880859375 0.41796875 0.880859375 0.416015625 0.87890625 0.4140625 0.87890625 0.41015625 0.880859375 0.408203125 0.880859375 0.400390625 0.884765625 0.396484375 0.884765625 0.39453125 0.88671875 0.392578125 0.88671875 0.38671875 0.890625 0.3828125 0.890625 0.380859375 0.892578125 0.37890625 0.892578125 0.373046875 0.890625 0.373046875 0.888671875 0.37109375
0 0.876953125 0.34375 0.876953125 0.345703125 0.875 0.34765625 0.875 0.357421875 0.876953125 0.359375 0.87890625 0.359375 0.87890625 0.353515625 0.880859375 0.3515625 0.880859375 0.34375
0 0.82421875 0.28125 0.828125 0.28515625 0.830078125 0.28515625 0.830078125 0.283203125 0.83203125 0.28125
0 0.75 0.251953125 0.75 0.255859375 0.74609375 0.259765625 0.74609375 0.275390625 0.748046875 0.27734375 0.751953125 0.27734375 0.75390625 0.275390625 0.75390625 0.26953125 0.76171875 0.26171875 0.76171875 0.259765625 0.763671875 0.2578125 0.763671875 0.25390625 0.76171875 0.251953125
0 0.146484375 0.142578125 0.146484375 0.150390625 0.1484375 0.15234375 0.1484375 0.15625 0.150390625 0.158203125 0.150390625 0.16015625 0.15234375 0.162109375 0.15234375 0.16796875 0.154296875 0.169921875 0.154296875 0.171875 0.15625 0.173828125 0.16015625 0.173828125 0.16015625 0.171875 0.162109375 0.169921875 0.16015625 0.16796875 0.16015625 0.16015625 0.15625 0.15625 0.15625 0.15234375 0.154296875 0.150390625 0.154296875 0.1484375 0.1484375 0.142578125
