0 0.826171875 0.900390625 0.818359375 0.908203125 0.814453125 0.908203125 0.8125 0.91015625 0.806640625 0.91015625 0.8046875 0.912109375 0.8046875 0.9140625 0.80859375 0.91796875 0.810546875 0.91796875 0.8125 0.916015625 0.814453125 0.916015625 0.818359375 0.912109375 0.8203125 0.912109375 0.822265625 0.91015625 0.82421875 0.91015625 0.826171875 0.908203125 0.826171875 0.90625 0.828125 0.904296875 0.828125 0.90234375 0.830078125 0.900390625
0 0.80859375 0.888671875 0.80859375 0.890625 0.8046875 0.89453125 0.8046875 0.896484375 0.802734375 0.8984375 0.802734375 0.904296875 0.8046875 0.90625 0.806640625 0.904296875 0.810546875 0.904296875 0.8125 0.90234375 0.814453125 0.90234375 0.81640625 0.900390625 0.81640625 0.8984375 0.818359375 0.896484375 0.818359375 0.89453125 0.814453125 0.890625 0.8125 0.890625 0.810546875 0.888671875
0 0.69140625 0.849609375 0.69140625 0.853515625 0.693359375 0.85546875 0.69921875 0.85546875 0.701171875 0.857421875 0.703125 0.857421875 0.705078125 0.859375 0.70703125 0.859375 0.708984375 0.861328125 0.7109375 0.859375 0.712890625 0.859375 0.708984375 0.85546875 0.705078125 0.85546875 0.703125 0.853515625 0.69921875 0.853515625 0.697265625 0.8515625 0.693359375 0.8515625
0 0.75390625 0.79296875 0.751953125 0.794921875 0.75 0.794921875 0.748046875 0.796875 0.7421875 0.796875 0.740234375 0.798828125 0.73828125 0.798828125 0.736328125 0.80078125 0.736328125 0.8046875 0.748046875 0.8046875 0.75 0.802734375 0.75390625 0.802734375 0.759765625 0.796875 0.759765625 0.79296875
0 0.8125 0.720703125 0.8125 0.728515625 0.814453125 0.728515625 0.81640625 0.73046875 0.82421875 0.73046875 0.82421875 0.728515625 0.826171875 0.7265625 0.822265625 0.72265625 0.8203125 0.72265625 0.818359375 0.720703125
0 0.80859375 0.646484375 0.806640625 0.6484375 0.806640625 0.6640625 0.810546875 0.66796875 0.8125 0.66796875 0.8125 0.654296875 0.810546875 0.65234375 0.810546875 0.646484375
0 0.00390625 0.533203125 0.00390625 0.5390625 0.0078125 0.54296875 0.009765625 0.54296875 0.013671875 0.546875 0.025390625 0.546875 0.029296875 0.55078125 0.029296875 0.552734375 0.03125 0.5546875 0.029296875 0.556640625 0.029296875 0.55859375 0.03125 0.560546875 0.033203125 0.560546875 0.03515625 0.5625 0.0390625 0.5625 0.041015625 0.564453125 0.044921875 0.564453125 0.046875 0.5625 0.05078125 0.5625 0.052734375 0.560546875 0.052734375 0.55859375 0.05078125 0.556640625 0.05078125 0.5546875 0.048828125 0.552734375 0.048828125 0.55078125 0.0546875 0.544921875 0.056640625 0.544921875 0.05859375 0.54296875 0.060546875 0.54296875 0.0625 0.541015625 0.0625 0.5390625 0.060546875 0.537109375 0.0546875 0.537109375 0.052734375 0.5390625 0.05078125 0.5390625 0.044921875 0.544921875 0.037109375 0.544921875 0.03515625 0.54296875 0.02734375 0.54296875 0.0234375 0.5390625 0.021484375 0.5390625 0.01953125 0.537109375 0.01171875 0.537109375 0.009765625 0.53515625 0.009765625 0.533203125
0 0.5234375 0.505859375 0.517578125 0.51171875 0.517578125 0.513671875 0.515625 0.515625 0.515625 0.517578125 0.50390625 0.529296875 0.50390625 0.533203125 0.501953125 0.53515625 0.5078125 0.529296875 0.5078125 0.52734375 0.517578125 0.517578125 0.517578125 0.515625 0.525390625 0.5078125 0.525390625 0.505859375
0 0.345703125 0.46484375 0.341796875 0.46875 0.33984375 0.46875 0.337890625 0.470703125 0.345703125 0.470703125 0.34765625 0.46875 0.349609375 0.46875 0.349609375 0.46484375
0 0.06640625 0.462890625 0.064453125 0.46484375 0.064453125 0.466796875 0.06640625 0.46875 0.068359375 0.46875 0.076171875 0.4765625 0.078125 0.4765625 0.080078125 0.478515625 0.08984375 0.478515625 0.091796875 0.4765625 0.091796875 0.47265625 0.087890625 0.46875 0.08203125 0.46875 0.080078125 0.466796875 0.078125 0.466796875 0.076171875 0.46484375 0.07421875 0.46484375 0.072265625 0.462890625
