0 0.109375 0.759765625 0.107421875 0.76171875 0.10546875 0.76171875 0.103515625 0.763671875 0.1015625 0.763671875 0.099609375 0.765625 0.099609375 0.767578125 0.1015625 0.76953125 0.103515625 0.767578125 0.10546875 0.767578125 0.109375 0.763671875 0.111328125 0.765625 0.111328125 0.767578125 0.109375 0.76953125 0.109375 0.779296875 0.11328125 0.783203125 0.11328125 0.78515625 0.12109375 0.79296875 0.123046875 0.791015625 0.123046875 0.7890625 0.12109375 0.787109375 0.12109375 0.78515625 0.119140625 0.783203125 0.119140625 0.779296875 0.1171875 0.77734375 0.1171875 0.765625 0.111328125 0.765625 0.109375 0.763671875 0.111328125 0.76171875 0.11328125 0.76171875 0.115234375 0.759765625
0 0.0625 0.708984375 0.0625 0.712890625 0.064453125 0.71484375 0.064453125 0.71875 0.06640625 0.71875 0.06640625 0.7109375 0.064453125 0.708984375
0 0.083984375 0.69921875 0.080078125 0.703125 0.08203125 0.705078125 0.08203125 0.70703125 0.08984375 0.71484375 0.091796875 0.712890625 0.091796875 0.708984375 0.08984375 0.70703125 0.091796875 0.705078125 0.091796875 0.703125 0.08984375 0.701171875 0.087890625 0.701171875 0.0859375 0.69921875
0 0.060546875 0.693359375 0.056640625 0.697265625 0.05859375 0.697265625 0.0625 0.693359375
0 0.12109375 0.671875 0.119140625 0.673828125 0.119140625 0.681640625 0.123046875 0.685546875 0.125 0.685546875 0.126953125 0.6875 0.12890625 0.6875 0.130859375 0.689453125 0.1484375 0.689453125 0.150390625 0.69140625 0.15625 0.69140625 0.16015625 0.6953125 0.171875 0.6953125 0.171875 0.689453125 0.169921875 0.6875 0.16796875 0.6875 0.166015625 0.685546875 0.1640625 0.685546875 0.162109375 0.68359375 0.158203125 0.68359375 0.15625 0.681640625 0.15234375 0.681640625 0.150390625 0.6796875 0.146484375 0.6796875 0.14453125 0.677734375 0.142578125 0.677734375 0.140625 0.67578125 0.138671875 0.67578125 0.13671875 0.673828125 0.134765625 0.673828125 0.1328125 0.671875
0 0.076171875 0.669921875 0.076171875 0.673828125 0.080078125 0.677734375 0.08203125 0.677734375 0.083984375 0.6796875 0.0859375 0.6796875 0.087890625 0.681640625 0.091796875 0.681640625 0.095703125 0.677734375 0.103515625 0.677734375 0.10546875 0.6796875 0.107421875 0.677734375 0.103515625 0.673828125 0.1015625 0.673828125 0.099609375 0.671875 0.095703125 0.671875 0.09375 0.669921875
0 0.05859375 0.650390625 0.05859375 0.65234375 0.060546875 0.654296875 0.0625 0.654296875 0.064453125 0.65625 0.06640625 0.65625 0.068359375 0.658203125 0.0703125 0.658203125 0.07421875 0.662109375 0.083984375 0.662109375 0.0859375 0.66015625 0.083984375 0.658203125 0.083984375 0.65625 0.08203125 0.65625 0.076171875 0.650390625 0.072265625 0.654296875 0.0703125 0.65234375 0.06640625 0.65234375 0.064453125 0.650390625
0 0.138671875 0.6328125 0.13671875 0.634765625 0.13671875 0.638671875 0.138671875 0.640625 0.138671875 0.642578125 0.146484375 0.650390625 0.146484375 0.65234375 0.154296875 0.66015625 0.154296875 0.6640625 0.1640625 0.673828125 0.166015625 0.671875 0.166015625 0.662109375 0.162109375 0.658203125 0.162109375 0.65625 0.16015625 0.654296875 0.16015625 0.65234375 0.158203125 0.650390625 0.158203125 0.6484375 0.150390625 0.640625 0.150390625 0.638671875 0.146484375 0.634765625 0.14453125 0.634765625 0.142578125 0.6328125
0 0.025390625 0.6328125 0.025390625 0.634765625 0.02734375 0.63671875 0.02734375 0.638671875 0.029296875 0.640625 0.029296875 0.634765625 0.02734375 0.6328125
0 0.015625 0.404296875 0.015625 0.40625 0.013671875 0.408203125 0.013671875 0.416015625 0.01171875 0.41796875 0.01171875 0.4296875 0.009765625 0.431640625 0.009765625 0.443359375 0.0078125 0.4453125 0.0078125 0.44921875 0.005859375 0.451171875 0.005859375 0.45703125 0.009765625 0.45703125 0.009765625 0.455078125 0.015625 0.44921875 0.015625 0.44140625 0.017578125 0.439453125 0.017578125 0.421875 0.01953125 0.419921875 0.01953125 0.40625 0.017578125 0.404296875
