0 0.212890625 0.962890625 0.2109375 0.96484375 0.208984375 0.96484375 0.208984375 0.96875 0.212890625 0.96875 0.21484375 0.966796875 0.216796875 0.966796875 0.216796875 0.962890625
0 0.00390625 0.93359375 0.001953125 0.935546875 0.0 0.935546875 0.0 0.953125 0.00390625 0.94921875 0.005859375 0.94921875 0.0078125 0.947265625 0.009765625 0.947265625 0.013671875 0.943359375 0.015625 0.943359375 0.017578125 0.94140625 0.015625 0.939453125 0.015625 0.9375 0.013671875 0.935546875 0.01171875 0.935546875 0.009765625 0.93359375
0 0.0 0.869140625 0.0 0.884765625 0.001953125 0.8828125 0.001953125 0.875 0.0 0.873046875
0 0.044921875 0.830078125 0.044921875 0.84765625 0.046875 0.849609375 0.046875 0.853515625 0.05078125 0.857421875 0.052734375 0.857421875 0.052734375 0.84375 0.05078125 0.841796875 0.05078125 0.83203125 0.048828125 0.830078125
0 0.0 0.779296875 0.0 0.783203125 0.001953125 0.78515625 0.005859375 0.78515625 0.0078125 0.787109375 0.009765625 0.787109375 0.009765625 0.783203125 0.005859375 0.779296875
0 0.080078125 0.72265625 0.076171875 0.7265625 0.076171875 0.728515625 0.07421875 0.73046875 0.07421875 0.736328125 0.080078125 0.7421875 0.0859375 0.7421875 0.09375 0.734375 0.09375 0.732421875 0.095703125 0.73046875 0.095703125 0.724609375 0.09375 0.724609375 0.091796875 0.72265625
0 0.462890625 0.673828125 0.4609375 0.67578125 0.45703125 0.67578125 0.455078125 0.677734375 0.455078125 0.681640625 0.45703125 0.68359375 0.458984375 0.68359375 0.4609375 0.685546875 0.462890625 0.685546875 0.46484375 0.6875 0.46875 0.6875 0.470703125 0.689453125 0.47265625 0.689453125 0.47265625 0.685546875 0.470703125 0.68359375 0.470703125 0.681640625 0.46875 0.6796875 0.46875 0.677734375 0.466796875 0.67578125 0.46484375 0.67578125
0 0.369140625 0.322265625 0.3671875 0.32421875 0.3671875 0.328125 0.365234375 0.330078125 0.365234375 0.33203125 0.36328125 0.333984375 0.36328125 0.3359375 0.359375 0.33984375 0.359375 0.341796875 0.357421875 0.34375 0.357421875 0.345703125 0.359375 0.34375 0.361328125 0.34375 0.3671875 0.337890625 0.369140625 0.337890625 0.37109375 0.3359375 0.37109375 0.33203125 0.376953125 0.326171875 0.38671875 0.326171875 0.388671875 0.328125 0.390625 0.328125 0.392578125 0.330078125 0.392578125 0.33203125 0.396484375 0.33203125 0.3984375 0.330078125 0.39453125 0.326171875 0.396484375 0.32421875 0.396484375 0.322265625 0.3828125 0.322265625 0.380859375 0.32421875 0.375 0.32421875 0.373046875 0.322265625
0 0.419921875 0.30859375 0.41796875 0.310546875 0.416015625 0.310546875 0.416015625 0.3125 0.4140625 0.314453125 0.41015625 0.314453125 0.41015625 0.31640625 0.4140625 0.31640625 0.416015625 0.318359375 0.416015625 0.3203125 0.41796875 0.322265625 0.416015625 0.32421875 0.416015625 0.333984375 0.419921875 0.333984375 0.421875 0.33203125 0.421875 0.326171875 0.42578125 0.322265625 0.42578125 0.3125 0.427734375 0.310546875 0.4296875 0.310546875 0.4296875 0.30859375
0 0.052734375 0.10546875 0.046875 0.111328125 0.046875 0.12109375 0.05078125 0.12109375 0.052734375 0.119140625 0.06640625 0.119140625 0.06640625 0.115234375 0.064453125 0.11328125 0.064453125 0.111328125 0.060546875 0.107421875 0.05859375 0.107421875 0.056640625 0.10546875
