0 0.08984375 0.974609375 0.087890625 0.9765625 0.0859375 0.9765625 0.080078125 0.982421875 0.07421875 0.982421875 0.07421875 0.98828125 0.076171875 0.990234375 0.08984375 0.990234375 0.091796875 0.9921875 0.091796875 0.994140625 0.09375 0.99609375 0.09375 0.998046875 0.09765625 0.998046875 0.09765625 0.990234375 0.099609375 0.98828125 0.1015625 0.98828125 0.103515625 0.986328125 0.103515625 0.984375 0.099609375 0.98046875 0.095703125 0.98046875 0.091796875 0.9765625 0.09375 0.974609375
0 0.228515625 0.91796875 0.228515625 0.919921875 0.23046875 0.921875 0.23046875 0.92578125 0.232421875 0.927734375 0.232421875 0.9296875 0.234375 0.931640625 0.234375 0.93359375 0.23828125 0.9375 0.240234375 0.9375 0.2421875 0.935546875 0.2421875 0.9296875 0.244140625 0.927734375 0.2421875 0.92578125 0.2421875 0.921875 0.240234375 0.919921875 0.23828125 0.919921875 0.236328125 0.921875 0.234375 0.919921875 0.234375 0.91796875
0 0.072265625 0.90234375 0.072265625 0.904296875 0.0703125 0.90625 0.0703125 0.9140625 0.072265625 0.916015625 0.07421875 0.916015625 0.076171875 0.91796875 0.078125 0.91796875 0.080078125 0.919921875 0.080078125 0.923828125 0.08203125 0.92578125 0.083984375 0.92578125 0.083984375 0.921875 0.08203125 0.919921875 0.08203125 0.91796875 0.07421875 0.91015625 0.07421875 0.904296875
0 0.21484375 0.896484375 0.212890625 0.8984375 0.208984375 0.8984375 0.203125 0.904296875 0.203125 0.91015625 0.208984375 0.91015625 0.2109375 0.908203125 0.212890625 0.908203125 0.21875 0.90234375 0.21875 0.8984375 0.216796875 0.896484375
0 0.587890625 0.87890625 0.5859375 0.880859375 0.583984375 0.880859375 0.583984375 0.884765625 0.5859375 0.88671875 0.5859375 0.888671875 0.587890625 0.890625 0.587890625 0.892578125 0.59375 0.8984375 0.595703125 0.8984375 0.6015625 0.892578125 0.6015625 0.890625 0.603515625 0.888671875 0.603515625 0.884765625 0.6015625 0.8828125 0.6015625 0.880859375 0.599609375 0.880859375 0.59765625 0.87890625
0 0.02734375 0.8515625 0.021484375 0.857421875 0.013671875 0.857421875 0.01171875 0.859375 0.009765625 0.859375 0.0078125 0.861328125 0.005859375 0.861328125 0.0 0.8671875 0.0 0.888671875 0.001953125 0.888671875 0.00390625 0.88671875 0.0078125 0.88671875 0.009765625 0.884765625 0.01171875 0.884765625 0.017578125 0.87890625 0.017578125 0.876953125 0.01171875 0.876953125 0.009765625 0.87890625 0.009765625 0.880859375 0.0078125 0.8828125 0.00390625 0.8828125 0.0 0.87890625 0.0 0.875 0.0078125 0.8671875 0.013671875 0.8671875 0.015625 0.865234375 0.017578125 0.865234375 0.01953125 0.86328125 0.021484375 0.86328125 0.025390625 0.859375 0.037109375 0.859375 0.0390625 0.857421875 0.037109375 0.85546875 0.03515625 0.857421875 0.033203125 0.857421875 0.03125 0.85546875 0.033203125 0.853515625 0.033203125 0.8515625
0 0.197265625 0.83984375 0.1953125 0.841796875 0.19140625 0.841796875 0.1875 0.845703125 0.1875 0.84765625 0.189453125 0.84765625 0.193359375 0.84375 0.19921875 0.84375 0.201171875 0.845703125 0.205078125 0.845703125 0.205078125 0.84375 0.20703125 0.841796875 0.205078125 0.83984375
0 0.095703125 0.6640625 0.09375 0.666015625 0.09375 0.669921875 0.095703125 0.671875 0.09765625 0.671875 0.09765625 0.666015625
0 0.171875 0.595703125 0.171875 0.59765625 0.169921875 0.599609375 0.171875 0.6015625 0.171875 0.603515625 0.177734375 0.603515625 0.1796875 0.60546875 0.181640625 0.60546875 0.1875 0.611328125 0.1875 0.61328125 0.189453125 0.615234375 0.1953125 0.615234375 0.19921875 0.611328125 0.19921875 0.607421875 0.193359375 0.6015625 0.19140625 0.6015625 0.189453125 0.599609375 0.1875 0.599609375 0.185546875 0.59765625 0.18359375 0.59765625 0.181640625 0.595703125
0 0.041015625 0.587890625 0.0390625 0.58984375 0.025390625 0.58984375 0.025390625 0.595703125 0.046875 0.595703125 0.048828125 0.59375 0.048828125 0.58984375 0.046875 0.58984375 0.044921875 0.587890625
