0 0.978515625 0.77734375 0.9765625 0.779296875 0.974609375 0.779296875 0.97265625 0.78125 0.96875 0.78125 0.96875 0.783203125 0.970703125 0.78515625 0.97265625 0.78515625 0.974609375 0.787109375 0.986328125 0.787109375 0.986328125 0.783203125 0.98828125 0.78125 0.98828125 0.779296875 0.986328125 0.77734375
0 0.96875 0.7578125 0.966796875 0.759765625 0.96875 0.76171875 0.96875 0.763671875 0.970703125 0.765625 0.970703125 0.767578125 0.97265625 0.767578125 0.974609375 0.76953125 0.9765625 0.76953125 0.978515625 0.771484375 0.98828125 0.771484375 0.98828125 0.767578125 0.986328125 0.767578125 0.984375 0.765625 0.982421875 0.765625 0.978515625 0.76171875 0.9765625 0.76171875 0.974609375 0.759765625 0.97265625 0.759765625 0.970703125 0.7578125
0 0.841796875 0.099609375 0.83984375 0.1015625 0.837890625 0.1015625 0.837890625 0.10546875 0.8359375 0.107421875 0.8359375 0.109375 0.833984375 0.111328125 0.833984375 0.115234375 0.83203125 0.1171875 0.833984375 0.1171875 0.837890625 0.11328125 0.837890625 0.111328125 0.83984375 0.109375 0.83984375 0.10546875 0.841796875 0.103515625
0 0.80078125 0.09765625 0.80078125 0.099609375 0.798828125 0.1015625 0.798828125 0.10546875 0.796875 0.107421875 0.796875 0.109375 0.79296875 0.11328125 0.796875 0.11328125 0.798828125 0.111328125 0.802734375 0.111328125 0.806640625 0.107421875 0.806640625 0.10546875 0.80859375 0.103515625 0.806640625 0.1015625 0.806640625 0.099609375 0.802734375 0.099609375
0 0.99609375 0.095703125 0.994140625 0.09765625 0.9921875 0.09765625 0.984375 0.10546875 0.982421875 0.10546875 0.982421875 0.115234375 0.98046875 0.1171875 0.98046875 0.123046875 0.978515625 0.125 0.978515625 0.130859375 0.9765625 0.1328125 0.9765625 0.138671875 0.974609375 0.140625 0.974609375 0.142578125 0.9765625 0.14453125 0.9765625 0.146484375 0.978515625 0.1484375 0.978515625 0.150390625 0.98046875 0.15234375 0.986328125 0.15234375 0.98828125 0.150390625 0.9921875 0.150390625 0.998046875 0.14453125 0.998046875 0.095703125
0 0.8828125 0.091796875 0.8828125 0.095703125 0.880859375 0.09765625 0.880859375 0.1328125 0.884765625 0.1328125 0.884765625 0.12890625 0.88671875 0.126953125 0.88671875 0.1015625 0.888671875 0.099609375 0.888671875 0.095703125 0.88671875 0.09375 0.88671875 0.091796875
0 0.828125 0.0859375 0.826171875 0.087890625 0.826171875 0.091796875 0.82421875 0.09375 0.82421875 0.095703125 0.822265625 0.09765625 0.822265625 0.1015625 0.8203125 0.103515625 0.8203125 0.109375 0.822265625 0.111328125 0.828125 0.111328125 0.83203125 0.107421875 0.83203125 0.103515625 0.833984375 0.1015625 0.833984375 0.09765625 0.8359375 0.095703125 0.833984375 0.09375 0.833984375 0.087890625 0.83203125 0.0859375
0 0.95703125 0.07421875 0.955078125 0.076171875 0.947265625 0.076171875 0.943359375 0.080078125 0.943359375 0.1015625 0.9453125 0.103515625 0.9453125 0.107421875 0.943359375 0.109375 0.9453125 0.111328125 0.9453125 0.12890625 0.943359375 0.130859375 0.943359375 0.1328125 0.94140625 0.134765625 0.94140625 0.138671875 0.943359375 0.140625 0.943359375 0.142578125 0.951171875 0.142578125 0.955078125 0.138671875 0.955078125 0.13671875 0.962890625 0.12890625 0.962890625 0.126953125 0.96484375 0.125 0.96484375 0.123046875 0.966796875 0.12109375 0.966796875 0.119140625 0.96875 0.1171875 0.96875 0.115234375 0.970703125 0.11328125 0.970703125 0.099609375 0.97265625 0.09765625 0.97265625 0.095703125 0.974609375 0.09375 0.974609375 0.091796875 0.9765625 0.08984375 0.9765625 0.087890625 0.978515625 0.0859375 0.978515625 0.083984375 0.9765625 0.08203125 0.9765625 0.080078125 0.974609375 0.080078125 0.970703125 0.076171875 0.966796875 0.076171875 0.96484375 0.07421875
0 0.77734375 0.03125 0.775390625 0.033203125 0.775390625 0.037109375 0.7734375 0.0390625 0.7734375 0.048828125 0.775390625 0.05078125 0.77734375 0.048828125 0.77734375 0.037109375 0.779296875 0.03515625 0.779296875 0.03125
0 0.755859375 0.015625 0.75390625 0.017578125 0.751953125 0.017578125 0.748046875 0.021484375 0.748046875 0.02734375 0.75 0.029296875 0.75 0.0390625 0.748046875 0.041015625 0.748046875 0.04296875 0.744140625 0.046875 0.7421875 0.046875 0.736328125 0.052734375 0.736328125 0.05859375 0.73828125 0.060546875 0.740234375 0.060546875 0.7421875 0.0625 0.744140625 0.0625 0.74609375 0.060546875 0.74609375 0.05859375 0.748046875 0.056640625 0.748046875 0.048828125 0.75390625 0.04296875 0.75390625 0.0390625 0.759765625 0.033203125 0.763671875 0.033203125 0.765625 0.03125 0.765625 0.029296875 0.763671875 0.02734375 0.759765625 0.02734375 0.7578125 0.029296875 0.7578125 0.03125 0.75390625 0.03515625 0.751953125 0.03515625 0.75 0.033203125 0.75 0.02734375 0.751953125 0.025390625 0.751953125 0.0234375 0.755859375 0.01953125
