0 0.380859375 0.990234375 0.375 0.99609375 0.373046875 0.99609375 0.37109375 0.998046875 0.37890625 0.998046875 0.37890625 0.99609375 0.3828125 0.9921875 0.3828125 0.990234375
0 0.095703125 0.962890625 0.09375 0.96484375 0.09375 0.97265625 0.099609375 0.97265625 0.099609375 0.970703125 0.1015625 0.96875 0.1015625 0.962890625
0 0.283203125 0.935546875 0.283203125 0.9375 0.28125 0.939453125 0.28125 0.94140625 0.28515625 0.94140625 0.287109375 0.939453125
0 0.044921875 0.90234375 0.041015625 0.90625 0.041015625 0.908203125 0.0390625 0.91015625 0.0390625 0.9140625 0.037109375 0.916015625 0.037109375 0.91796875 0.0390625 0.919921875 0.052734375 0.919921875 0.0546875 0.91796875 0.064453125 0.91796875 0.06640625 0.919921875 0.068359375 0.919921875 0.0703125 0.921875 0.072265625 0.921875 0.07421875 0.923828125 0.0859375 0.923828125 0.087890625 0.921875 0.087890625 0.919921875 0.091796875 0.916015625 0.099609375 0.916015625 0.1015625 0.9140625 0.103515625 0.9140625 0.109375 0.908203125 0.109375 0.904296875 0.107421875 0.904296875 0.10546875 0.90234375 0.09765625 0.90234375 0.095703125 0.904296875 0.078125 0.904296875 0.076171875 0.90625 0.06640625 0.90625 0.064453125 0.908203125 0.0625 0.90625 0.056640625 0.90625 0.0546875 0.904296875 0.052734375 0.904296875 0.05078125 0.90234375
0 0.31640625 0.87890625 0.306640625 0.888671875 0.306640625 0.890625 0.30859375 0.890625 0.310546875 0.888671875 0.3125 0.888671875 0.31640625 0.884765625 0.31640625 0.8828125 0.318359375 0.880859375 0.318359375 0.87890625
0 0.365234375 0.837890625 0.36328125 0.83984375 0.36328125 0.84375 0.365234375 0.84375 0.3671875 0.841796875 0.3671875 0.837890625
0 0.19140625 0.810546875 0.189453125 0.8125 0.1875 0.8125 0.185546875 0.814453125 0.185546875 0.8203125 0.1875 0.822265625 0.1953125 0.822265625 0.197265625 0.8203125 0.19921875 0.8203125 0.19921875 0.818359375 0.201171875 0.81640625 0.201171875 0.814453125 0.197265625 0.810546875
0 0.220703125 0.7578125 0.220703125 0.765625 0.216796875 0.76953125 0.212890625 0.76953125 0.208984375 0.7734375 0.20703125 0.7734375 0.205078125 0.771484375 0.203125 0.771484375 0.201171875 0.7734375 0.201171875 0.775390625 0.19921875 0.77734375 0.19921875 0.7890625 0.201171875 0.791015625 0.201171875 0.79296875 0.205078125 0.796875 0.20703125 0.796875 0.2109375 0.79296875 0.2109375 0.791015625 0.212890625 0.7890625 0.212890625 0.783203125 0.21484375 0.78125 0.21484375 0.77734375 0.21875 0.7734375 0.21875 0.771484375 0.224609375 0.765625 0.224609375 0.7578125
0 0.0859375 0.70703125 0.0859375 0.712890625 0.08984375 0.712890625 0.09375 0.716796875 0.09375 0.7265625 0.091796875 0.728515625 0.091796875 0.732421875 0.08984375 0.734375 0.091796875 0.736328125 0.091796875 0.740234375 0.09765625 0.74609375 0.099609375 0.74609375 0.1015625 0.748046875 0.10546875 0.748046875 0.107421875 0.75 0.11328125 0.75 0.1171875 0.74609375 0.1171875 0.744140625 0.103515625 0.744140625 0.099609375 0.740234375 0.099609375 0.73828125 0.09765625 0.736328125 0.09765625 0.7265625 0.1015625 0.72265625 0.103515625 0.72265625 0.10546875 0.720703125 0.107421875 0.720703125 0.109375 0.71875 0.109375 0.712890625 0.103515625 0.712890625 0.09765625 0.70703125
0 0.490234375 0.697265625 0.490234375 0.703125 0.4921875 0.705078125 0.494140625 0.705078125 0.494140625 0.69921875 0.4921875 0.697265625
0 0.388671875 0.642578125 0.38671875 0.64453125 0.38671875 0.646484375 0.384765625 0.6484375 0.3828125 0.6484375 0.380859375 0.646484375 0.375 0.646484375 0.37109375 0.650390625 0.37109375 0.654296875 0.3671875 0.658203125 0.36328125 0.658203125 0.36328125 0.6640625 0.3671875 0.66796875 0.373046875 0.66796875 0.375 0.666015625 0.375 0.6640625 0.37890625 0.66015625 0.380859375 0.66015625 0.3828125 0.658203125 0.38671875 0.658203125 0.392578125 0.6640625 0.392578125 0.671875 0.390625 0.673828125 0.388671875 0.673828125 0.388671875 0.677734375 0.392578125 0.677734375 0.392578125 0.67578125 0.39453125 0.673828125 0.39453125 0.658203125 0.392578125 0.65625 0.392578125 0.654296875 0.390625 0.654296875 0.38671875 0.650390625 0.388671875 0.6484375 0.390625 0.6484375 0.392578125 0.646484375 0.396484375 0.646484375 0.396484375 0.64453125 0.39453125 0.642578125
0 0.263671875 0.62890625 0.26171875 0.630859375 0.2578125 0.630859375 0.25390625 0.634765625 0.25390625 0.63671875 0.265625 0.63671875 0.267578125 0.634765625 0.2734375 0.634765625 0.2734375 0.6328125 0.267578125 0.6328125
0 0.6171875 0.623046875 0.611328125 0.62890625 0.609375 0.62890625 0.615234375 0.62890625 0.619140625 0.625 0.625 0.625 0.626953125 0.623046875
0 0.408203125 0.6171875 0.40625 0.619140625 0.40625 0.62109375 0.408203125 0.623046875 0.404296875 0.626953125 0.40234375 0.626953125 0.40234375 0.62890625 0.404296875 0.62890625 0.40625 0.630859375 0.40625 0.62890625 0.408203125 0.626953125 0.41015625 0.626953125 0.41015625 0.623046875 0.412109375 0.62109375 0.4140625 0.62109375 0.416015625 0.619140625 0.419921875 0.619140625 0.419921875 0.6171875
0 0.076171875 0.60546875 0.076171875 0.611328125 0.078125 0.61328125 0.080078125 0.61328125 0.08203125 0.615234375 0.08984375 0.615234375 0.08984375 0.61328125 0.0859375 0.61328125 0.083984375 0.611328125 0.0859375 0.609375 0.0859375 0.607421875 0.083984375 0.60546875
0 0.40234375 0.501953125 0.40234375 0.50390625 0.3984375 0.5078125 0.396484375 0.5078125 0.39453125 0.509765625 0.3828125 0.509765625 0.3828125 0.515625 0.384765625 0.517578125 0.384765625 0.51953125 0.388671875 0.5234375 0.392578125 0.5234375 0.39453125 0.525390625 0.3984375 0.525390625 0.400390625 0.5234375 0.404296875 0.5234375 0.41015625 0.517578125 0.41015625 0.513671875 0.412109375 0.51171875 0.412109375 0.501953125
0 0.0 0.357421875 0.0 0.396484375 0.001953125 0.3984375 0.00390625 0.3984375 0.0078125 0.39453125 0.0078125 0.390625 0.009765625 0.388671875 0.009765625 0.38671875 0.013671875 0.3828125 0.013671875 0.380859375 0.015625 0.37890625 0.015625 0.375 0.013671875 0.373046875 0.013671875 0.369140625 0.01171875 0.3671875 0.01171875 0.365234375 0.005859375 0.359375 0.00390625 0.359375 0.001953125 0.357421875
0 0.37109375 0.3515625 0.369140625 0.353515625 0.3671875 0.353515625 0.365234375 0.35546875 0.365234375 0.361328125 0.3671875 0.361328125 0.369140625 0.359375 0.37109375 0.359375 0.373046875 0.357421875 0.373046875 0.3515625
0 0.36328125 0.306640625 0.359375 0.310546875 0.359375 0.322265625 0.36328125 0.322265625 0.36328125 0.3203125 0.365234375 0.318359375 0.365234375 0.306640625
0 0.416015625 0.072265625 0.416015625 0.07421875 0.4140625 0.076171875 0.404296875 0.076171875 0.404296875 0.080078125 0.40625 0.080078125 0.408203125 0.08203125 0.41796875 0.08203125 0.419921875 0.083984375 0.419921875 0.0859375 0.421875 0.087890625 0.423828125 0.087890625 0.42578125 0.0859375 0.42578125 0.08203125 0.427734375 0.080078125 0.427734375 0.076171875 0.42578125 0.076171875 0.423828125 0.07421875 0.421875 0.07421875 0.419921875 0.072265625
0 0.423828125 0.048828125 0.421875 0.05078125 0.4140625 0.05078125 0.412109375 0.052734375 0.412109375 0.0546875 0.41015625 0.056640625 0.412109375 0.056640625 0.4140625 0.05859375 0.416015625 0.05859375 0.41796875 0.056640625 0.423828125 0.056640625 0.423828125 0.0546875 0.427734375 0.05078125 0.431640625 0.0546875 0.431640625 0.056640625 0.435546875 0.056640625 0.4375 0.0546875 0.4375 0.05078125 0.435546875 0.05078125 0.43359375 0.048828125
