0 0.62109375 0.671875 0.62109375 0.673828125 0.619140625 0.67578125 0.619140625 0.677734375 0.62109375 0.6796875 0.62109375 0.681640625 0.625 0.685546875 0.626953125 0.685546875 0.6328125 0.69140625 0.6328125 0.693359375 0.634765625 0.693359375 0.634765625 0.689453125 0.6328125 0.6875 0.6328125 0.685546875 0.630859375 0.68359375 0.630859375 0.681640625 0.626953125 0.677734375 0.626953125 0.67578125 0.625 0.67578125
0 0.69921875 0.6484375 0.69921875 0.650390625 0.701171875 0.65234375 0.703125 0.65234375 0.7109375 0.66015625 0.7109375 0.662109375 0.712890625 0.662109375 0.71484375 0.6640625 0.720703125 0.6640625 0.71875 0.662109375 0.71484375 0.662109375 0.7109375 0.658203125 0.7109375 0.654296875 0.708984375 0.654296875 0.70703125 0.65234375 0.70703125 0.6484375
0 0.783203125 0.466796875 0.78125 0.46875 0.77734375 0.46875 0.7734375 0.47265625 0.7734375 0.478515625 0.77734375 0.478515625 0.779296875 0.48046875 0.78125 0.48046875 0.78515625 0.484375 0.787109375 0.484375 0.787109375 0.478515625 0.7890625 0.4765625 0.791015625 0.4765625 0.79296875 0.474609375 0.79296875 0.466796875
0 0.56640625 0.46484375 0.56640625 0.466796875 0.568359375 0.46875 0.568359375 0.47265625 0.56640625 0.474609375 0.564453125 0.474609375 0.55859375 0.48046875 0.55859375 0.482421875 0.556640625 0.484375 0.556640625 0.490234375 0.560546875 0.490234375 0.56640625 0.484375 0.5703125 0.484375 0.572265625 0.482421875 0.572265625 0.48046875 0.57421875 0.478515625 0.57421875 0.474609375 0.572265625 0.474609375 0.5703125 0.47265625 0.5703125 0.466796875 0.568359375 0.466796875
0 0.84765625 0.27734375 0.84765625 0.279296875 0.84375 0.283203125 0.83984375 0.279296875 0.837890625 0.279296875 0.837890625 0.28125 0.8359375 0.283203125 0.8359375 0.28515625 0.837890625 0.287109375 0.841796875 0.287109375 0.84375 0.2890625 0.84765625 0.2890625 0.849609375 0.287109375 0.849609375 0.28515625 0.8515625 0.283203125 0.8515625 0.27734375
0 0.890625 0.126953125 0.888671875 0.12890625 0.88671875 0.12890625 0.8828125 0.1328125 0.87890625 0.1328125 0.87890625 0.134765625 0.876953125 0.13671875 0.876953125 0.140625 0.880859375 0.140625 0.8828125 0.138671875 0.884765625 0.138671875 0.892578125 0.130859375 0.896484375 0.130859375 0.896484375 0.126953125
0 0.296875 0.05078125 0.296875 0.0546875 0.294921875 0.056640625 0.29296875 0.0546875 0.291015625 0.056640625 0.291015625 0.060546875 0.29296875 0.0625 0.29296875 0.064453125 0.2890625 0.068359375 0.2890625 0.072265625 0.294921875 0.072265625 0.30078125 0.078125 0.302734375 0.078125 0.3046875 0.076171875 0.306640625 0.076171875 0.30859375 0.07421875 0.30859375 0.06640625 0.302734375 0.060546875 0.302734375 0.05859375 0.30078125 0.056640625 0.30078125 0.05078125
0 0.947265625 0.033203125 0.947265625 0.03515625 0.9453125 0.037109375 0.943359375 0.037109375 0.943359375 0.0390625 0.947265625 0.0390625 0.951171875 0.04296875 0.951171875 0.046875 0.947265625 0.05078125 0.947265625 0.052734375 0.95703125 0.052734375 0.9609375 0.048828125 0.9609375 0.046875 0.955078125 0.041015625 0.955078125 0.037109375 0.953125 0.037109375 0.94921875 0.033203125
0 0.138671875 0.009765625 0.13671875 0.01171875 0.13671875 0.013671875 0.134765625 0.015625 0.134765625 0.01953125 0.13671875 0.021484375 0.142578125 0.021484375 0.142578125 0.01953125 0.14453125 0.017578125 0.146484375 0.017578125 0.146484375 0.01171875 0.14453125 0.009765625
0 0.185546875 0.0 0.185546875 0.009765625 0.18359375 0.01171875 0.181640625 0.01171875 0.181640625 0.0234375 0.185546875 0.02734375 0.185546875 0.033203125 0.1875 0.033203125 0.189453125 0.03125 0.19140625 0.03125 0.193359375 0.029296875 0.193359375 0.0234375 0.1953125 0.021484375 0.1953125 0.005859375 0.193359375 0.00390625 0.193359375 0.0
0 0.0546875 0.0 0.056640625 0.0 0.05859375 0.001953125 0.060546875 0.001953125 0.0625 0.00390625 0.064453125 0.00390625 0.068359375 0.0078125 0.068359375 0.009765625 0.072265625 0.013671875 0.078125 0.013671875 0.078125 0.01171875 0.08203125 0.0078125 0.08984375 0.0078125 0.091796875 0.009765625 0.091796875 0.01171875 0.09375 0.013671875 0.09765625 0.013671875 0.09765625 0.01171875 0.099609375 0.009765625 0.099609375 0.0
