0 0.2578125 0.935546875 0.2578125 0.95703125 0.26171875 0.9609375 0.267578125 0.9609375 0.26953125 0.962890625 0.2734375 0.962890625 0.275390625 0.96484375 0.27734375 0.96484375 0.28125 0.96875 0.28125 0.970703125 0.283203125 0.970703125 0.28515625 0.97265625 0.2890625 0.96875 0.2890625 0.962890625 0.287109375 0.9609375 0.287109375 0.958984375 0.28515625 0.958984375 0.283203125 0.95703125 0.28125 0.95703125 0.27734375 0.953125 0.275390625 0.953125 0.2734375 0.951171875 0.2734375 0.94921875 0.26953125 0.9453125 0.26953125 0.943359375 0.267578125 0.94140625 0.267578125 0.939453125 0.265625 0.9375 0.263671875 0.9375 0.26171875 0.935546875
0 0.271484375 0.767578125 0.26953125 0.76953125 0.263671875 0.76953125 0.26171875 0.771484375 0.26171875 0.77734375 0.267578125 0.77734375 0.26953125 0.775390625 0.271484375 0.775390625 0.2734375 0.7734375 0.279296875 0.7734375 0.283203125 0.76953125 0.28125 0.76953125 0.279296875 0.767578125
0 0.54296875 0.673828125 0.54296875 0.67578125 0.541015625 0.677734375 0.541015625 0.6796875 0.5390625 0.681640625 0.5390625 0.68359375 0.541015625 0.685546875 0.54296875 0.685546875 0.54296875 0.681640625 0.546875 0.677734375 0.546875 0.673828125
0 0.240234375 0.6328125 0.23828125 0.634765625 0.236328125 0.634765625 0.236328125 0.63671875 0.23828125 0.63671875 0.240234375 0.638671875 0.2421875 0.638671875 0.24609375 0.634765625 0.244140625 0.634765625 0.2421875 0.6328125
0 0.234375 0.59375 0.232421875 0.595703125 0.232421875 0.599609375 0.23046875 0.6015625 0.23046875 0.611328125 0.232421875 0.611328125 0.234375 0.61328125 0.248046875 0.61328125 0.248046875 0.607421875 0.24609375 0.60546875 0.24609375 0.603515625 0.23828125 0.595703125 0.236328125 0.595703125
0 0.7421875 0.5859375 0.736328125 0.591796875 0.736328125 0.59375 0.732421875 0.59765625 0.732421875 0.6015625 0.73046875 0.603515625 0.73046875 0.609375 0.734375 0.609375 0.736328125 0.607421875 0.736328125 0.59765625 0.740234375 0.59375 0.7421875 0.59375 0.744140625 0.591796875 0.748046875 0.591796875 0.75 0.58984375 0.751953125 0.58984375 0.751953125 0.5859375
0 0.10546875 0.361328125 0.10546875 0.36328125 0.1015625 0.3671875 0.1015625 0.373046875 0.103515625 0.373046875 0.103515625 0.3671875 0.107421875 0.36328125 0.107421875 0.361328125
0 0.525390625 0.341796875 0.525390625 0.34375 0.5234375 0.345703125 0.5234375 0.34765625 0.521484375 0.349609375 0.521484375 0.3515625 0.515625 0.357421875 0.513671875 0.357421875 0.513671875 0.359375 0.51171875 0.361328125 0.513671875 0.36328125 0.515625 0.36328125 0.515625 0.361328125 0.51953125 0.357421875 0.521484375 0.357421875 0.5234375 0.35546875 0.5234375 0.353515625 0.525390625 0.3515625
0 0.109375 0.33203125 0.10546875 0.3359375 0.10546875 0.337890625 0.103515625 0.33984375 0.103515625 0.341796875 0.107421875 0.341796875 0.107421875 0.33984375 0.109375 0.337890625 0.115234375 0.337890625 0.11328125 0.337890625 0.111328125 0.3359375 0.111328125 0.333984375 0.11328125 0.33203125
0 0.662109375 0.2421875 0.66015625 0.244140625 0.654296875 0.244140625 0.654296875 0.24609375 0.6640625 0.24609375 0.66796875 0.25 0.671875 0.25 0.671875 0.24609375 0.666015625 0.24609375 0.6640625 0.244140625 0.6640625 0.2421875
0 0.662109375 0.162109375 0.65625 0.16796875 0.65234375 0.16796875 0.6484375 0.171875 0.646484375 0.171875 0.64453125 0.173828125 0.640625 0.173828125 0.638671875 0.17578125 0.638671875 0.1796875 0.640625 0.1796875 0.64453125 0.17578125 0.646484375 0.17578125 0.6484375 0.173828125 0.650390625 0.173828125 0.65234375 0.171875 0.65625 0.171875 0.658203125 0.169921875 0.66015625 0.169921875 0.666015625 0.1640625 0.66796875 0.1640625 0.666015625 0.1640625 0.6640625 0.162109375
0 0.587890625 0.123046875 0.583984375 0.126953125 0.58203125 0.126953125 0.58203125 0.12890625 0.5859375 0.12890625 0.587890625 0.126953125 0.591796875 0.126953125 0.591796875 0.123046875
0 0.802734375 0.095703125 0.80078125 0.09765625 0.80078125 0.099609375 0.798828125 0.1015625 0.798828125 0.109375 0.796875 0.111328125 0.796875 0.115234375 0.798828125 0.11328125 0.798828125 0.107421875 0.802734375 0.103515625 0.8046875 0.103515625 0.8046875 0.09765625
0 0.658203125 0.05859375 0.658203125 0.060546875 0.65625 0.0625 0.65234375 0.0625 0.650390625 0.064453125 0.650390625 0.06640625 0.65234375 0.06640625 0.654296875 0.068359375 0.658203125 0.068359375 0.66015625 0.06640625 0.662109375 0.06640625 0.662109375 0.0625 0.66015625 0.060546875 0.66015625 0.05859375
0 0.1640625 0.0 0.162109375 0.001953125 0.158203125 0.001953125 0.158203125 0.005859375 0.1640625 0.005859375 0.169921875 0.01171875 0.173828125 0.01171875 0.177734375 0.0078125 0.177734375 0.005859375 0.1796875 0.00390625 0.1796875 0.0
