0 0.552734375 0.990234375 0.552734375 0.9921875 0.556640625 0.9921875 0.556640625 0.990234375
0 0.09375 0.98046875 0.091796875 0.982421875 0.08984375 0.982421875 0.087890625 0.984375 0.0859375 0.984375 0.0859375 0.994140625 0.087890625 0.994140625 0.08984375 0.99609375 0.099609375 0.99609375 0.103515625 0.9921875 0.103515625 0.990234375 0.10546875 0.98828125 0.107421875 0.98828125 0.109375 0.986328125 0.11328125 0.986328125 0.115234375 0.984375 0.115234375 0.982421875 0.11328125 0.98046875
0 0.541015625 0.962890625 0.541015625 0.96484375 0.5390625 0.966796875 0.5390625 0.96875 0.533203125 0.974609375 0.533203125 0.9765625 0.53125 0.978515625 0.53125 0.98046875 0.53515625 0.98046875 0.537109375 0.978515625 0.537109375 0.9765625 0.5390625 0.974609375 0.54296875 0.974609375 0.544921875 0.9765625 0.544921875 0.98046875 0.546875 0.98046875 0.548828125 0.982421875 0.55078125 0.982421875 0.552734375 0.98046875 0.552734375 0.974609375 0.55078125 0.97265625 0.548828125 0.97265625 0.544921875 0.96875 0.544921875 0.962890625
0 0.953125 0.95703125 0.951171875 0.958984375 0.951171875 0.96484375 0.955078125 0.96875 0.9609375 0.96875 0.962890625 0.970703125 0.96484375 0.96875 0.970703125 0.96875 0.970703125 0.962890625 0.966796875 0.958984375 0.9609375 0.958984375 0.958984375 0.95703125
0 0.8671875 0.921875 0.8671875 0.923828125 0.865234375 0.92578125 0.865234375 0.939453125 0.8671875 0.94140625 0.875 0.94140625 0.876953125 0.939453125 0.87890625 0.939453125 0.87890625 0.93359375 0.876953125 0.931640625 0.880859375 0.927734375 0.880859375 0.923828125 0.876953125 0.923828125 0.875 0.921875
0 0.7890625 0.91796875 0.7890625 0.921875 0.791015625 0.921875 0.79296875 0.923828125 0.80078125 0.923828125 0.802734375 0.921875 0.802734375 0.919921875 0.796875 0.919921875 0.794921875 0.91796875
0 0.5703125 0.904296875 0.5703125 0.90625 0.568359375 0.908203125 0.564453125 0.908203125 0.568359375 0.908203125 0.572265625 0.912109375 0.57421875 0.912109375 0.576171875 0.9140625 0.578125 0.9140625 0.580078125 0.916015625 0.58203125 0.916015625 0.583984375 0.9140625 0.5859375 0.9140625 0.5859375 0.912109375 0.583984375 0.91015625 0.580078125 0.91015625 0.576171875 0.90625 0.576171875 0.904296875
0 0.54296875 0.8984375 0.541015625 0.900390625 0.541015625 0.904296875 0.54296875 0.904296875 0.544921875 0.90625 0.560546875 0.90625 0.556640625 0.90625 0.5546875 0.904296875 0.552734375 0.904296875 0.55078125 0.90234375 0.548828125 0.90234375 0.546875 0.900390625 0.544921875 0.900390625
0 0.125 0.564453125 0.12109375 0.568359375 0.1171875 0.568359375 0.115234375 0.56640625 0.11328125 0.568359375 0.11328125 0.572265625 0.115234375 0.572265625 0.1171875 0.57421875 0.123046875 0.57421875 0.123046875 0.572265625 0.125 0.5703125 0.125 0.568359375 0.126953125 0.56640625 0.134765625 0.56640625 0.1328125 0.56640625 0.130859375 0.564453125
0 0.330078125 0.501953125 0.328125 0.50390625 0.326171875 0.50390625 0.326171875 0.509765625 0.328125 0.51171875 0.330078125 0.509765625 0.3359375 0.515625 0.341796875 0.515625 0.341796875 0.513671875 0.34375 0.51171875 0.34375 0.5078125 0.345703125 0.505859375 0.345703125 0.50390625 0.34375 0.50390625 0.341796875 0.501953125
0 0.3203125 0.482421875 0.318359375 0.484375 0.31640625 0.484375 0.314453125 0.486328125 0.3125 0.486328125 0.310546875 0.48828125 0.30859375 0.48828125 0.306640625 0.490234375 0.30078125 0.490234375 0.298828125 0.4921875 0.298828125 0.494140625 0.30078125 0.49609375 0.3046875 0.49609375 0.306640625 0.494140625 0.314453125 0.494140625 0.31640625 0.4921875 0.318359375 0.4921875 0.3203125 0.490234375 0.32421875 0.490234375 0.326171875 0.48828125 0.326171875 0.482421875
