0 0.548828125 0.974609375 0.548828125 0.9765625 0.546875 0.978515625 0.544921875 0.978515625 0.544921875 0.98046875 0.546875 0.98046875 0.548828125 0.982421875 0.55078125 0.982421875 0.55078125 0.974609375
0 0.45703125 0.958984375 0.45703125 0.9609375 0.455078125 0.962890625 0.455078125 0.966796875 0.4765625 0.966796875 0.4765625 0.96484375 0.47265625 0.96484375 0.470703125 0.962890625 0.470703125 0.9609375 0.466796875 0.9609375 0.466796875 0.962890625 0.46484375 0.96484375 0.462890625 0.96484375 0.4609375 0.962890625 0.462890625 0.9609375 0.462890625 0.958984375
0 0.287109375 0.888671875 0.28515625 0.890625 0.28515625 0.892578125 0.283203125 0.89453125 0.283203125 0.8984375 0.28125 0.900390625 0.28125 0.90234375 0.279296875 0.904296875 0.28125 0.904296875 0.28125 0.90234375 0.283203125 0.900390625 0.291015625 0.900390625 0.2890625 0.900390625 0.28515625 0.896484375 0.28515625 0.89453125 0.2890625 0.890625
0 0.408203125 0.873046875 0.408203125 0.875 0.412109375 0.87890625 0.416015625 0.875 0.412109375 0.875 0.41015625 0.873046875
0 0.185546875 0.865234375 0.18359375 0.8671875 0.18359375 0.869140625 0.181640625 0.87109375 0.181640625 0.873046875 0.1875 0.873046875 0.1875 0.865234375
0 0.14453125 0.86328125 0.14453125 0.8671875 0.142578125 0.869140625 0.142578125 0.873046875 0.13671875 0.87890625 0.138671875 0.880859375 0.142578125 0.880859375 0.142578125 0.87890625 0.14453125 0.876953125 0.14453125 0.875 0.150390625 0.869140625 0.150390625 0.8671875 0.146484375 0.86328125
0 0.255859375 0.828125 0.255859375 0.830078125 0.25390625 0.83203125 0.251953125 0.83203125 0.248046875 0.8359375 0.248046875 0.837890625 0.25 0.83984375 0.255859375 0.83984375 0.255859375 0.837890625 0.2578125 0.8359375 0.263671875 0.8359375 0.26171875 0.833984375 0.259765625 0.833984375 0.2578125 0.83203125 0.2578125 0.830078125
0 0.23046875 0.79296875 0.228515625 0.794921875 0.228515625 0.798828125 0.23046875 0.80078125 0.23046875 0.80859375 0.232421875 0.80859375 0.232421875 0.8046875 0.234375 0.802734375 0.234375 0.794921875 0.232421875 0.79296875
0 0.251953125 0.609375 0.251953125 0.615234375 0.25390625 0.6171875 0.25390625 0.623046875 0.251953125 0.625 0.25390625 0.626953125 0.255859375 0.626953125 0.255859375 0.623046875 0.2578125 0.62109375 0.259765625 0.62109375 0.259765625 0.6171875 0.2578125 0.6171875 0.255859375 0.615234375 0.255859375 0.609375
0 0.072265625 0.458984375 0.0703125 0.4609375 0.0703125 0.462890625 0.072265625 0.46484375 0.072265625 0.46875 0.076171875 0.46875 0.076171875 0.466796875 0.07421875 0.46484375 0.07421875 0.4609375
0 0.626953125 0.322265625 0.625 0.32421875 0.625 0.326171875 0.626953125 0.328125 0.626953125 0.333984375 0.62890625 0.3359375 0.630859375 0.3359375 0.640625 0.345703125 0.640625 0.34765625 0.646484375 0.353515625 0.646484375 0.359375 0.64453125 0.361328125 0.64453125 0.36328125 0.646484375 0.365234375 0.646484375 0.3671875 0.650390625 0.3671875 0.65234375 0.369140625 0.654296875 0.369140625 0.65625 0.3671875 0.65625 0.365234375 0.658203125 0.36328125 0.658203125 0.357421875 0.654296875 0.353515625 0.650390625 0.353515625 0.6484375 0.3515625 0.646484375 0.3515625 0.640625 0.345703125 0.640625 0.34375 0.63671875 0.33984375 0.63671875 0.337890625 0.634765625 0.3359375 0.634765625 0.33203125 0.6328125 0.330078125 0.6328125 0.326171875 0.62890625 0.322265625
0 0.478515625 0.205078125 0.4765625 0.20703125 0.4765625 0.212890625 0.478515625 0.21484375 0.48046875 0.21484375 0.48046875 0.208984375 0.482421875 0.20703125 0.484375 0.20703125 0.484375 0.205078125
0 0.603515625 0.1875 0.603515625 0.19140625 0.6015625 0.193359375 0.599609375 0.193359375 0.599609375 0.1953125 0.60546875 0.1953125 0.607421875 0.193359375 0.607421875 0.1875
0 0.0859375 0.17578125 0.08203125 0.1796875 0.08203125 0.18359375 0.083984375 0.18359375 0.0859375 0.181640625 0.083984375 0.1796875 0.083984375 0.177734375
0 0.111328125 0.1171875 0.109375 0.119140625 0.109375 0.12109375 0.107421875 0.123046875 0.10546875 0.123046875 0.103515625 0.125 0.103515625 0.126953125 0.10546875 0.12890625 0.109375 0.12890625 0.109375 0.126953125 0.115234375 0.12109375 0.115234375 0.119140625 0.11328125 0.1171875
0 0.298828125 0.09765625 0.298828125 0.10546875 0.296875 0.107421875 0.294921875 0.107421875 0.29296875 0.109375 0.29296875 0.119140625 0.294921875 0.12109375 0.294921875 0.123046875 0.30078125 0.12890625 0.302734375 0.12890625 0.3046875 0.130859375 0.306640625 0.130859375 0.306640625 0.123046875 0.3046875 0.12109375 0.3046875 0.1171875 0.306640625 0.115234375 0.306640625 0.103515625 0.3046875 0.1015625 0.3046875 0.099609375 0.302734375 0.09765625
0 0.16015625 0.0703125 0.15625 0.07421875 0.15625 0.078125 0.1484375 0.0859375 0.1484375 0.087890625 0.14453125 0.091796875 0.14453125 0.09375 0.1484375 0.09375 0.1484375 0.08984375 0.15234375 0.0859375 0.154296875 0.0859375 0.154296875 0.08203125 0.158203125 0.078125 0.158203125 0.072265625
0 0.21484375 0.060546875 0.20703125 0.068359375 0.203125 0.068359375 0.203125 0.072265625 0.2109375 0.072265625 0.21875 0.064453125 0.21875 0.060546875
0 0.154296875 0.060546875 0.154296875 0.064453125 0.15625 0.06640625 0.158203125 0.064453125 0.158203125 0.060546875
0 0.798828125 0.0 0.796875 0.001953125 0.78515625 0.001953125 0.783203125 0.00390625 0.78125 0.00390625 0.78125 0.0078125 0.77734375 0.01171875 0.775390625 0.01171875 0.7734375 0.013671875 0.7734375 0.015625 0.775390625 0.017578125 0.775390625 0.01953125 0.77734375 0.01953125 0.779296875 0.021484375 0.78125 0.021484375 0.783203125 0.01953125 0.783203125 0.017578125 0.78515625 0.015625 0.791015625 0.015625 0.791015625 0.013671875 0.796875 0.0078125 0.798828125 0.0078125 0.802734375 0.00390625 0.802734375 0.001953125 0.8046875 0.0
0 0.611328125 0.0 0.611328125 0.001953125 0.61328125 0.001953125 0.615234375 0.0
