0 0.59375 0.7890625 0.59375 0.791015625 0.591796875 0.79296875 0.591796875 0.80078125 0.59375 0.802734375 0.595703125 0.802734375 0.59765625 0.80078125 0.59765625 0.798828125 0.595703125 0.796875 0.595703125 0.794921875 0.6015625 0.7890625
0 0.841796875 0.78515625 0.83984375 0.787109375 0.83984375 0.791015625 0.84765625 0.791015625 0.849609375 0.7890625 0.849609375 0.78515625
0 0.84765625 0.765625 0.84765625 0.76953125 0.8515625 0.76953125 0.8515625 0.767578125 0.849609375 0.765625
0 0.90625 0.76171875 0.904296875 0.763671875 0.900390625 0.763671875 0.8984375 0.765625 0.896484375 0.765625 0.892578125 0.76953125 0.888671875 0.76953125 0.888671875 0.7734375 0.892578125 0.7734375 0.89453125 0.771484375 0.896484375 0.771484375 0.896484375 0.76953125 0.8984375 0.767578125 0.900390625 0.767578125 0.90234375 0.765625 0.908203125 0.765625 0.91015625 0.763671875 0.908203125 0.76171875
0 0.8359375 0.759765625 0.8359375 0.76171875 0.837890625 0.763671875 0.837890625 0.759765625
0 0.845703125 0.75390625 0.845703125 0.759765625 0.84765625 0.759765625 0.84765625 0.7578125 0.849609375 0.755859375 0.84765625 0.75390625
0 0.537109375 0.744140625 0.53125 0.75 0.53125 0.751953125 0.529296875 0.75390625 0.529296875 0.7578125 0.533203125 0.7578125 0.533203125 0.751953125 0.53515625 0.75 0.537109375 0.75 0.541015625 0.74609375 0.541015625 0.744140625
0 0.607421875 0.619140625 0.60546875 0.62109375 0.603515625 0.62109375 0.603515625 0.623046875 0.6015625 0.625 0.6015625 0.62890625 0.603515625 0.630859375 0.603515625 0.634765625 0.60546875 0.63671875 0.603515625 0.638671875 0.60546875 0.640625 0.609375 0.640625 0.611328125 0.638671875 0.61328125 0.638671875 0.615234375 0.63671875 0.615234375 0.634765625 0.6171875 0.6328125 0.6171875 0.62890625 0.619140625 0.626953125 0.619140625 0.62109375 0.615234375 0.62109375 0.61328125 0.619140625
0 0.642578125 0.607421875 0.642578125 0.615234375 0.640625 0.6171875 0.634765625 0.6171875 0.6328125 0.619140625 0.6328125 0.62109375 0.63671875 0.625 0.640625 0.625 0.640625 0.62109375 0.642578125 0.619140625 0.642578125 0.6171875 0.64453125 0.615234375 0.64453125 0.609375
0 0.546875 0.599609375 0.54296875 0.603515625 0.541015625 0.603515625 0.537109375 0.607421875 0.53515625 0.607421875 0.533203125 0.609375 0.533203125 0.611328125 0.53125 0.61328125 0.53125 0.6171875 0.5390625 0.625 0.5390625 0.62890625 0.53515625 0.6328125 0.53125 0.6328125 0.525390625 0.638671875 0.525390625 0.642578125 0.52734375 0.64453125 0.52734375 0.646484375 0.533203125 0.646484375 0.53515625 0.64453125 0.53515625 0.6328125 0.537109375 0.630859375 0.5390625 0.630859375 0.541015625 0.62890625 0.541015625 0.62109375 0.5390625 0.62109375 0.537109375 0.619140625 0.537109375 0.6171875 0.54296875 0.611328125 0.54296875 0.609375 0.544921875 0.607421875 0.544921875 0.603515625 0.546875 0.6015625
0 0.943359375 0.560546875 0.943359375 0.564453125 0.939453125 0.568359375 0.9296875 0.568359375 0.9296875 0.572265625 0.931640625 0.572265625 0.93359375 0.5703125 0.9375 0.5703125 0.939453125 0.568359375 0.94140625 0.5703125 0.94140625 0.576171875 0.943359375 0.576171875 0.9453125 0.578125 0.947265625 0.576171875 0.947265625 0.57421875 0.94921875 0.572265625 0.951171875 0.57421875 0.953125 0.572265625 0.953125 0.5703125 0.951171875 0.5703125 0.94921875 0.568359375 0.951171875 0.56640625 0.955078125 0.56640625 0.953125 0.564453125 0.953125 0.5625 0.951171875 0.5625 0.94921875 0.560546875
0 0.923828125 0.451171875 0.921875 0.453125 0.921875 0.455078125 0.923828125 0.45703125 0.921875 0.458984375 0.921875 0.4609375 0.923828125 0.4609375 0.92578125 0.462890625 0.92578125 0.46484375 0.927734375 0.46484375 0.9296875 0.462890625 0.935546875 0.462890625 0.9375 0.4609375 0.935546875 0.458984375 0.93359375 0.458984375 0.9296875 0.455078125 0.9296875 0.453125 0.927734375 0.451171875
0 0.615234375 0.423828125 0.61328125 0.42578125 0.61328125 0.4296875 0.615234375 0.431640625 0.615234375 0.43359375 0.61328125 0.435546875 0.607421875 0.435546875 0.60546875 0.43359375 0.6015625 0.43359375 0.60546875 0.4375 0.607421875 0.4375 0.609375 0.439453125 0.61328125 0.439453125 0.615234375 0.44140625 0.62109375 0.44140625 0.623046875 0.443359375 0.62890625 0.443359375 0.6328125 0.439453125 0.6328125 0.435546875 0.630859375 0.435546875 0.62890625 0.4375 0.625 0.43359375 0.625 0.431640625 0.623046875 0.4296875 0.623046875 0.42578125 0.62109375 0.423828125
0 0.958984375 0.4140625 0.95703125 0.416015625 0.94921875 0.416015625 0.9453125 0.419921875 0.9453125 0.421875 0.94140625 0.42578125 0.939453125 0.42578125 0.93359375 0.431640625 0.93359375 0.435546875 0.931640625 0.4375 0.931640625 0.443359375 0.935546875 0.443359375 0.935546875 0.44140625 0.94140625 0.435546875 0.94921875 0.435546875 0.951171875 0.43359375 0.951171875 0.4296875 0.95703125 0.423828125 0.958984375 0.423828125 0.9609375 0.421875 0.9609375 0.419921875 0.962890625 0.41796875 0.962890625 0.416015625 0.9609375 0.4140625
0 0.943359375 0.341796875 0.94140625 0.34375 0.939453125 0.34375 0.9375 0.345703125 0.9375 0.34765625 0.939453125 0.349609375 0.9375 0.3515625 0.93359375 0.3515625 0.931640625 0.353515625 0.9296875 0.353515625 0.9296875 0.36328125 0.92578125 0.3671875 0.923828125 0.3671875 0.921875 0.369140625 0.921875 0.373046875 0.923828125 0.375 0.92578125 0.375 0.927734375 0.373046875 0.93359375 0.373046875 0.935546875 0.375 0.9375 0.375 0.94140625 0.37890625 0.94140625 0.38671875 0.943359375 0.388671875 0.9453125 0.388671875 0.951171875 0.3828125 0.953125 0.3828125 0.958984375 0.376953125 0.958984375 0.37109375 0.955078125 0.3671875 0.955078125 0.365234375 0.953125 0.36328125 0.953125 0.361328125 0.955078125 0.359375 0.955078125 0.357421875 0.953125 0.35546875 0.953125 0.353515625 0.951171875 0.3515625 0.951171875 0.349609375 0.94921875 0.34765625 0.94921875 0.345703125 0.951171875 0.34375 0.94921875 0.341796875
0 0.94140625 0.298828125 0.939453125 0.30078125 0.939453125 0.306640625 0.93359375 0.3125 0.93359375 0.314453125 0.935546875 0.31640625 0.9453125 0.31640625 0.947265625 0.318359375 0.94921875 0.318359375 0.94921875 0.314453125 0.947265625 0.3125 0.943359375 0.3125 0.94140625 0.310546875 0.94140625 0.30859375 0.947265625 0.302734375 0.947265625 0.298828125
0 0.89453125 0.298828125 0.890625 0.302734375 0.890625 0.306640625 0.888671875 0.30859375 0.890625 0.310546875 0.892578125 0.310546875 0.89453125 0.30859375 0.89453125 0.302734375 0.896484375 0.30078125 0.896484375 0.298828125
0 0.669921875 0.2734375 0.66796875 0.275390625 0.666015625 0.275390625 0.66015625 0.28125 0.658203125 0.28125 0.65625 0.283203125 0.65625 0.28515625 0.662109375 0.28515625 0.662109375 0.28125 0.666015625 0.27734375 0.66796875 0.27734375 0.669921875 0.275390625
0 0.62890625 0.21484375 0.62890625 0.216796875 0.6328125 0.220703125 0.6328125 0.22265625 0.634765625 0.224609375 0.634765625 0.2265625 0.640625 0.232421875 0.642578125 0.232421875 0.646484375 0.236328125 0.646484375 0.23828125 0.6484375 0.23828125 0.650390625 0.240234375 0.654296875 0.240234375 0.65625 0.23828125 0.66015625 0.23828125 0.662109375 0.236328125 0.6640625 0.236328125 0.6484375 0.220703125 0.638671875 0.220703125 0.6328125 0.21484375
