0 0.26953125 0.716796875 0.26953125 0.72265625 0.271484375 0.724609375 0.271484375 0.7265625 0.279296875 0.734375 0.28125 0.734375 0.28515625 0.73828125 0.287109375 0.73828125 0.287109375 0.732421875 0.28515625 0.73046875 0.28515625 0.728515625 0.27734375 0.720703125 0.27734375 0.71875 0.275390625 0.716796875
0 0.337890625 0.669921875 0.3359375 0.671875 0.33203125 0.671875 0.330078125 0.673828125 0.32421875 0.673828125 0.322265625 0.67578125 0.318359375 0.67578125 0.314453125 0.6796875 0.314453125 0.681640625 0.3125 0.68359375 0.3125 0.6875 0.31640625 0.69140625 0.31640625 0.697265625 0.3203125 0.697265625 0.322265625 0.6953125 0.322265625 0.6875 0.32421875 0.685546875 0.326171875 0.685546875 0.328125 0.68359375 0.341796875 0.68359375 0.34375 0.681640625 0.34765625 0.681640625 0.349609375 0.6796875 0.349609375 0.677734375 0.34765625 0.67578125 0.34765625 0.673828125 0.34375 0.669921875
0 0.302734375 0.611328125 0.298828125 0.615234375 0.298828125 0.623046875 0.30078125 0.623046875 0.302734375 0.625 0.30859375 0.625 0.310546875 0.623046875 0.314453125 0.623046875 0.318359375 0.619140625 0.31640625 0.6171875 0.31640625 0.615234375 0.314453125 0.61328125 0.3125 0.61328125 0.310546875 0.611328125
0 0.8671875 0.591796875 0.8671875 0.595703125 0.869140625 0.59765625 0.869140625 0.599609375 0.87109375 0.6015625 0.873046875 0.6015625 0.876953125 0.60546875 0.876953125 0.611328125 0.875 0.61328125 0.873046875 0.61328125 0.87109375 0.615234375 0.869140625 0.615234375 0.869140625 0.6171875 0.8671875 0.619140625 0.8671875 0.62109375 0.87109375 0.625 0.87890625 0.625 0.8828125 0.62109375 0.8828125 0.619140625 0.884765625 0.6171875 0.884765625 0.603515625 0.8828125 0.6015625 0.8828125 0.599609375 0.87890625 0.595703125 0.87890625 0.59375 0.876953125 0.59375 0.875 0.591796875
0 0.07421875 0.498046875 0.072265625 0.5 0.0703125 0.5 0.05859375 0.51171875 0.05859375 0.513671875 0.05078125 0.521484375 0.05078125 0.5234375 0.033203125 0.541015625 0.029296875 0.541015625 0.02734375 0.54296875 0.0234375 0.54296875 0.021484375 0.544921875 0.021484375 0.546875 0.01953125 0.548828125 0.01953125 0.560546875 0.025390625 0.560546875 0.02734375 0.5625 0.029296875 0.560546875 0.033203125 0.560546875 0.03515625 0.5625 0.037109375 0.5625 0.0390625 0.564453125 0.041015625 0.5625 0.044921875 0.5625 0.046875 0.560546875 0.048828125 0.560546875 0.0625 0.546875 0.0625 0.544921875 0.064453125 0.54296875 0.064453125 0.541015625 0.06640625 0.5390625 0.06640625 0.537109375 0.07421875 0.529296875 0.07421875 0.52734375 0.078125 0.5234375 0.078125 0.51953125 0.080078125 0.517578125 0.080078125 0.513671875 0.08203125 0.51171875 0.08203125 0.501953125 0.080078125 0.5 0.080078125 0.498046875
0 0.2265625 0.443359375 0.224609375 0.4453125 0.22265625 0.4453125 0.220703125 0.447265625 0.21875 0.447265625 0.216796875 0.44921875 0.21484375 0.44921875 0.2109375 0.453125 0.208984375 0.453125 0.203125 0.458984375 0.203125 0.4609375 0.201171875 0.462890625 0.201171875 0.46875 0.203125 0.46875 0.205078125 0.470703125 0.20703125 0.470703125 0.208984375 0.47265625 0.2109375 0.47265625 0.212890625 0.474609375 0.216796875 0.474609375 0.21875 0.47265625 0.2265625 0.47265625 0.23046875 0.46875 0.234375 0.46875 0.24609375 0.45703125 0.24609375 0.44921875 0.244140625 0.447265625 0.240234375 0.447265625 0.23828125 0.4453125 0.234375 0.4453125 0.232421875 0.443359375
0 0.025390625 0.43359375 0.0234375 0.435546875 0.0234375 0.4375 0.021484375 0.439453125 0.021484375 0.458984375 0.025390625 0.462890625 0.02734375 0.4609375 0.029296875 0.4609375 0.03125 0.458984375 0.033203125 0.458984375 0.033203125 0.45703125 0.04296875 0.447265625 0.04296875 0.4453125 0.044921875 0.443359375 0.0390625 0.4375 0.03515625 0.4375 0.033203125 0.435546875 0.029296875 0.435546875 0.02734375 0.43359375
0 0.017578125 0.400390625 0.015625 0.40234375 0.015625 0.404296875 0.013671875 0.40625 0.013671875 0.41015625 0.015625 0.412109375 0.015625 0.416015625 0.021484375 0.421875 0.0234375 0.421875 0.025390625 0.423828125 0.029296875 0.423828125 0.03125 0.421875 0.033203125 0.421875 0.033203125 0.41015625 0.029296875 0.40625 0.029296875 0.404296875 0.02734375 0.40234375 0.0234375 0.40234375 0.021484375 0.400390625
0 0.2421875 0.3828125 0.240234375 0.384765625 0.240234375 0.400390625 0.2421875 0.40234375 0.244140625 0.40234375 0.248046875 0.40625 0.25 0.40625 0.251953125 0.404296875 0.25390625 0.404296875 0.25390625 0.390625 0.251953125 0.388671875 0.251953125 0.3828125
0 0.05078125 0.314453125 0.05078125 0.31640625 0.048828125 0.318359375 0.048828125 0.3203125 0.05078125 0.318359375 0.064453125 0.318359375 0.06640625 0.3203125 0.064453125 0.322265625 0.052734375 0.322265625 0.056640625 0.322265625 0.05859375 0.32421875 0.05859375 0.337890625 0.060546875 0.33984375 0.064453125 0.33984375 0.06640625 0.341796875 0.0703125 0.341796875 0.07421875 0.337890625 0.07421875 0.330078125 0.072265625 0.328125 0.072265625 0.326171875 0.0625 0.31640625 0.060546875 0.31640625 0.05859375 0.314453125
0 0.0625 0.298828125 0.060546875 0.30078125 0.056640625 0.30078125 0.0546875 0.302734375 0.0546875 0.306640625 0.056640625 0.306640625 0.05859375 0.30859375 0.0703125 0.30859375 0.078125 0.31640625 0.08203125 0.31640625 0.08203125 0.3125 0.078125 0.30859375 0.078125 0.30078125 0.076171875 0.298828125
