0 0.08203125 0.958984375 0.076171875 0.96484375 0.076171875 0.966796875 0.078125 0.966796875 0.080078125 0.96875 0.08203125 0.96875 0.083984375 0.970703125 0.083984375 0.98046875 0.0859375 0.98046875 0.09375 0.98828125 0.09375 0.9921875 0.095703125 0.994140625 0.095703125 0.99609375 0.09765625 0.99609375 0.099609375 0.998046875 0.107421875 0.998046875 0.109375 0.99609375 0.107421875 0.994140625 0.107421875 0.982421875 0.10546875 0.98046875 0.103515625 0.982421875 0.1015625 0.982421875 0.099609375 0.98046875 0.09765625 0.98046875 0.095703125 0.978515625 0.095703125 0.96875 0.09375 0.96875 0.091796875 0.966796875 0.091796875 0.962890625 0.08984375 0.9609375 0.087890625 0.9609375 0.0859375 0.958984375
0 0.77734375 0.919921875 0.7734375 0.923828125 0.771484375 0.923828125 0.767578125 0.927734375 0.767578125 0.9296875 0.76953125 0.931640625 0.771484375 0.9296875 0.7734375 0.9296875 0.775390625 0.931640625 0.775390625 0.93359375 0.78125 0.939453125 0.78125 0.94140625 0.783203125 0.94140625 0.783203125 0.939453125 0.779296875 0.935546875 0.779296875 0.931640625 0.783203125 0.927734375 0.78125 0.92578125 0.78125 0.919921875
0 0.072265625 0.61328125 0.0703125 0.615234375 0.0703125 0.625 0.072265625 0.626953125 0.072265625 0.62890625 0.07421875 0.62890625 0.076171875 0.626953125 0.083984375 0.626953125 0.0859375 0.62890625 0.08984375 0.62890625 0.08984375 0.625 0.083984375 0.625 0.08203125 0.623046875 0.080078125 0.623046875 0.076171875 0.619140625 0.076171875 0.615234375 0.07421875 0.61328125
0 0.173828125 0.603515625 0.169921875 0.607421875 0.169921875 0.609375 0.17578125 0.609375 0.18359375 0.6171875 0.1953125 0.6171875 0.201171875 0.611328125 0.205078125 0.611328125 0.203125 0.609375 0.203125 0.607421875 0.19921875 0.603515625 0.1953125 0.603515625 0.19140625 0.607421875 0.1875 0.607421875 0.185546875 0.60546875 0.185546875 0.603515625
0 0.46875 0.3671875 0.466796875 0.369140625 0.466796875 0.37109375 0.46875 0.373046875 0.47265625 0.373046875 0.47265625 0.37109375 0.474609375 0.369140625 0.47265625 0.3671875
0 0.73828125 0.359375 0.73828125 0.365234375 0.736328125 0.3671875 0.736328125 0.369140625 0.73046875 0.375 0.728515625 0.375 0.728515625 0.376953125 0.73046875 0.376953125 0.73828125 0.369140625 0.74609375 0.369140625 0.74609375 0.3671875 0.744140625 0.365234375 0.744140625 0.361328125 0.740234375 0.361328125
0 0.71484375 0.3515625 0.71484375 0.353515625 0.71875 0.357421875 0.71875 0.359375 0.720703125 0.359375 0.72265625 0.357421875 0.724609375 0.357421875 0.724609375 0.353515625 0.72265625 0.353515625 0.720703125 0.35546875 0.71875 0.35546875 0.716796875 0.353515625 0.716796875 0.3515625
0 0.51171875 0.314453125 0.505859375 0.3203125 0.50390625 0.3203125 0.501953125 0.322265625 0.5 0.322265625 0.498046875 0.32421875 0.484375 0.32421875 0.48046875 0.328125 0.48046875 0.33203125 0.482421875 0.33203125 0.484375 0.330078125 0.486328125 0.33203125 0.486328125 0.333984375 0.48828125 0.3359375 0.4921875 0.3359375 0.4921875 0.330078125 0.494140625 0.328125 0.50390625 0.328125 0.51171875 0.3203125 0.515625 0.3203125 0.515625 0.318359375 0.517578125 0.31640625 0.517578125 0.314453125
0 0.396484375 0.30078125 0.39453125 0.302734375 0.39453125 0.3046875 0.3984375 0.3046875 0.40234375 0.30859375 0.40234375 0.306640625 0.404296875 0.3046875 0.41015625 0.3046875 0.408203125 0.302734375 0.40625 0.302734375 0.404296875 0.3046875 0.400390625 0.3046875
0 0.994140625 0.28125 0.990234375 0.28515625 0.98828125 0.28515625 0.98828125 0.287109375 0.986328125 0.2890625 0.98828125 0.287109375 0.990234375 0.287109375 0.994140625 0.283203125
0 0.6640625 0.267578125 0.662109375 0.26953125 0.662109375 0.2734375 0.6640625 0.275390625 0.6640625 0.27734375 0.66796875 0.27734375 0.669921875 0.279296875 0.671875 0.279296875 0.673828125 0.28125 0.66796875 0.287109375 0.66796875 0.2890625 0.67578125 0.2890625 0.677734375 0.291015625 0.677734375 0.294921875 0.681640625 0.298828125 0.681640625 0.302734375 0.69140625 0.3125 0.69140625 0.314453125 0.6953125 0.318359375 0.6953125 0.3203125 0.697265625 0.322265625 0.701171875 0.322265625 0.703125 0.3203125 0.703125 0.31640625 0.705078125 0.314453125 0.705078125 0.306640625 0.7109375 0.30078125 0.7109375 0.296875 0.708984375 0.296875 0.70703125 0.294921875 0.703125 0.294921875 0.701171875 0.29296875 0.69921875 0.29296875 0.697265625 0.291015625 0.697265625 0.2890625 0.6953125 0.287109375 0.6953125 0.28515625 0.69140625 0.28125 0.68359375 0.28125 0.681640625 0.279296875 0.6796875 0.279296875 0.677734375 0.27734375 0.6796875 0.275390625 0.6796875 0.2734375 0.677734375 0.271484375 0.67578125 0.2734375 0.669921875 0.2734375 0.66796875 0.271484375 0.66796875 0.267578125
0 0.423828125 0.267578125 0.421875 0.26953125 0.41796875 0.26953125 0.41796875 0.271484375 0.4140625 0.275390625 0.412109375 0.275390625 0.41015625 0.27734375 0.40625 0.27734375 0.40234375 0.28125 0.400390625 0.28125 0.392578125 0.2890625 0.38671875 0.2890625 0.38671875 0.291015625 0.384765625 0.29296875 0.392578125 0.29296875 0.392578125 0.291015625 0.396484375 0.287109375 0.40234375 0.287109375 0.408203125 0.28125 0.412109375 0.28125 0.4140625 0.279296875 0.416015625 0.279296875 0.41796875 0.27734375 0.419921875 0.27734375 0.421875 0.275390625 0.4296875 0.275390625 0.4296875 0.2734375 0.43359375 0.26953125 0.43359375 0.267578125
0 0.87109375 0.255859375 0.87109375 0.259765625 0.873046875 0.259765625 0.875 0.26171875 0.875 0.263671875 0.87109375 0.267578125 0.8671875 0.267578125 0.86328125 0.263671875 0.86328125 0.259765625 0.859375 0.263671875 0.857421875 0.263671875 0.857421875 0.265625 0.861328125 0.265625 0.865234375 0.26953125 0.861328125 0.2734375 0.857421875 0.2734375 0.85546875 0.275390625 0.857421875 0.27734375 0.861328125 0.27734375 0.8671875 0.271484375 0.875 0.271484375 0.875 0.26953125 0.876953125 0.267578125 0.88671875 0.267578125 0.88671875 0.263671875 0.8828125 0.259765625 0.87890625 0.259765625 0.876953125 0.2578125 0.875 0.2578125 0.873046875 0.255859375
0 0.380859375 0.25 0.37890625 0.251953125 0.376953125 0.251953125 0.373046875 0.255859375 0.373046875 0.259765625 0.375 0.26171875 0.376953125 0.26171875 0.37890625 0.263671875 0.3828125 0.263671875 0.38671875 0.259765625 0.388671875 0.259765625 0.390625 0.2578125 0.40625 0.2578125 0.408203125 0.255859375 0.412109375 0.255859375 0.4140625 0.25390625 0.416015625 0.25390625 0.41796875 0.251953125 0.421875 0.251953125 0.423828125 0.25 0.42578125 0.25
0 0.091796875 0.25 0.091796875 0.251953125 0.09375 0.25390625 0.09375 0.255859375 0.099609375 0.26171875 0.099609375 0.263671875 0.1015625 0.265625 0.1015625 0.271484375 0.099609375 0.2734375 0.099609375 0.279296875 0.091796875 0.287109375 0.091796875 0.2890625 0.0859375 0.294921875 0.0859375 0.296875 0.083984375 0.298828125 0.083984375 0.314453125 0.083984375 0.310546875 0.0859375 0.30859375 0.0859375 0.3046875 0.087890625 0.302734375 0.087890625 0.30078125 0.08984375 0.298828125 0.08984375 0.296875 0.091796875 0.294921875 0.091796875 0.29296875 0.09765625 0.287109375 0.099609375 0.287109375 0.103515625 0.283203125 0.10546875 0.283203125 0.115234375 0.2734375 0.115234375 0.265625 0.11328125 0.263671875 0.11328125 0.26171875 0.107421875 0.255859375 0.10546875 0.255859375 0.1015625 0.251953125 0.099609375 0.251953125 0.09765625 0.25
