0 0.029296875 0.736328125 0.029296875 0.740234375 0.025390625 0.744140625 0.025390625 0.748046875 0.02734375 0.75 0.03125 0.75 0.033203125 0.751953125 0.033203125 0.755859375 0.03515625 0.7578125 0.037109375 0.755859375 0.0390625 0.755859375 0.041015625 0.7578125 0.041015625 0.759765625 0.04296875 0.7578125 0.04296875 0.755859375 0.041015625 0.75390625 0.04296875 0.751953125 0.048828125 0.751953125 0.05078125 0.75390625 0.0546875 0.75390625 0.056640625 0.751953125 0.0625 0.751953125 0.0625 0.75 0.052734375 0.75 0.048828125 0.74609375 0.048828125 0.744140625 0.046875 0.7421875 0.0390625 0.7421875 0.037109375 0.744140625 0.03125 0.73828125 0.03125 0.736328125
0 0.095703125 0.728515625 0.09375 0.73046875 0.095703125 0.732421875 0.095703125 0.73046875 0.09765625 0.728515625
0 0.087890625 0.71875 0.08203125 0.724609375 0.08203125 0.73046875 0.0859375 0.73046875 0.0859375 0.728515625 0.087890625 0.7265625 0.08984375 0.7265625 0.08984375 0.71875
0 0.08984375 0.6640625 0.0859375 0.66796875 0.0859375 0.671875 0.076171875 0.681640625 0.07421875 0.681640625 0.07421875 0.6875 0.080078125 0.6875 0.078125 0.685546875 0.078125 0.681640625 0.083984375 0.67578125 0.083984375 0.673828125 0.087890625 0.669921875 0.08984375 0.669921875 0.091796875 0.671875 0.091796875 0.67578125 0.09375 0.67578125 0.095703125 0.673828125 0.095703125 0.671875 0.09765625 0.669921875 0.09375 0.669921875 0.091796875 0.66796875 0.091796875 0.6640625
0 0.060546875 0.609375 0.060546875 0.61328125 0.0625 0.61328125 0.064453125 0.615234375 0.068359375 0.615234375 0.0703125 0.61328125 0.068359375 0.61328125 0.06640625 0.611328125 0.06640625 0.609375
0 0.107421875 0.580078125 0.103515625 0.583984375 0.107421875 0.583984375 0.107421875 0.58203125 0.109375 0.580078125
0 0.052734375 0.5703125 0.05078125 0.572265625 0.048828125 0.572265625 0.046875 0.57421875 0.044921875 0.57421875 0.037109375 0.58203125 0.03515625 0.58203125 0.02734375 0.58984375 0.025390625 0.58984375 0.021484375 0.59375 0.015625 0.59375 0.015625 0.599609375 0.017578125 0.599609375 0.01953125 0.59765625 0.0234375 0.59765625 0.025390625 0.599609375 0.025390625 0.6015625 0.02734375 0.603515625 0.03125 0.603515625 0.0390625 0.595703125 0.0390625 0.587890625 0.041015625 0.5859375 0.041015625 0.583984375 0.04296875 0.58203125 0.04296875 0.580078125 0.046875 0.576171875 0.048828125 0.576171875 0.05078125 0.578125 0.0546875 0.57421875 0.0546875 0.5703125
0 0.0234375 0.544921875 0.0234375 0.548828125 0.021484375 0.55078125 0.01953125 0.55078125 0.021484375 0.552734375 0.025390625 0.552734375 0.02734375 0.5546875 0.03125 0.5546875 0.03125 0.552734375 0.02734375 0.552734375 0.025390625 0.55078125 0.025390625 0.546875 0.02734375 0.544921875
0 0.025390625 0.373046875 0.0234375 0.375 0.0234375 0.376953125 0.021484375 0.37890625 0.021484375 0.380859375 0.025390625 0.376953125
0 0.03125 0.337890625 0.02734375 0.341796875 0.02734375 0.34765625 0.029296875 0.349609375 0.03125 0.349609375 0.033203125 0.34765625 0.033203125 0.337890625
0 0.046875 0.251953125 0.044921875 0.25390625 0.044921875 0.2578125 0.048828125 0.2578125 0.05078125 0.255859375 0.05078125 0.251953125
0 0.001953125 0.21875 0.0 0.220703125 0.0 0.22265625 0.00390625 0.22265625 0.005859375 0.224609375 0.005859375 0.23046875 0.00390625 0.232421875 0.00390625 0.234375 0.001953125 0.236328125 0.00390625 0.23828125 0.005859375 0.23828125 0.0078125 0.236328125 0.009765625 0.236328125 0.01171875 0.234375 0.013671875 0.234375 0.017578125 0.23046875 0.01953125 0.23046875 0.025390625 0.224609375 0.025390625 0.22265625 0.0234375 0.220703125 0.017578125 0.220703125 0.015625 0.21875
0 0.001953125 0.1875 0.001953125 0.19140625 0.00390625 0.193359375 0.0078125 0.193359375 0.009765625 0.1953125 0.013671875 0.1953125 0.015625 0.197265625 0.0234375 0.197265625 0.0234375 0.19140625 0.021484375 0.189453125 0.015625 0.189453125 0.013671875 0.19140625 0.01171875 0.19140625 0.0078125 0.1875
0 0.013671875 0.166015625 0.01171875 0.16796875 0.001953125 0.16796875 0.001953125 0.169921875 0.0 0.171875 0.0 0.18359375 0.00390625 0.18359375 0.005859375 0.181640625 0.0078125 0.181640625 0.0078125 0.1796875 0.01171875 0.17578125 0.017578125 0.17578125 0.017578125 0.173828125 0.021484375 0.169921875 0.02734375 0.169921875 0.02734375 0.166015625
0 0.0078125 0.1328125 0.005859375 0.134765625 0.005859375 0.140625 0.015625 0.140625 0.017578125 0.142578125 0.017578125 0.14453125 0.009765625 0.15234375 0.009765625 0.158203125 0.01171875 0.16015625 0.017578125 0.16015625 0.017578125 0.15625 0.013671875 0.15234375 0.013671875 0.150390625 0.015625 0.1484375 0.017578125 0.1484375 0.01953125 0.146484375 0.021484375 0.1484375 0.0234375 0.146484375 0.021484375 0.14453125 0.021484375 0.140625 0.0234375 0.138671875 0.025390625 0.138671875 0.02734375 0.13671875 0.0234375 0.1328125
0 0.064453125 0.119140625 0.064453125 0.12109375 0.0625 0.123046875 0.06640625 0.126953125 0.068359375 0.126953125 0.0703125 0.125 0.0703125 0.12109375 0.06640625 0.12109375
0 0.16796875 0.07421875 0.16796875 0.076171875 0.166015625 0.078125 0.1640625 0.078125 0.162109375 0.080078125 0.162109375 0.087890625 0.166015625 0.091796875 0.171875 0.091796875 0.173828125 0.08984375 0.173828125 0.08203125 0.169921875 0.078125 0.169921875 0.076171875
0 0.19140625 0.0703125 0.19140625 0.076171875 0.193359375 0.078125 0.193359375 0.08203125 0.189453125 0.0859375 0.189453125 0.087890625 0.1875 0.08984375 0.189453125 0.091796875 0.19140625 0.091796875 0.1953125 0.095703125 0.197265625 0.09375 0.197265625 0.0859375 0.1953125 0.083984375 0.1953125 0.080078125 0.197265625 0.078125 0.19140625 0.072265625
0 0.017578125 0.044921875 0.015625 0.046875 0.01171875 0.046875 0.009765625 0.048828125 0.009765625 0.05078125 0.005859375 0.0546875 0.0 0.0546875 0.0 0.06640625 0.001953125 0.068359375 0.001953125 0.0703125 0.00390625 0.072265625 0.005859375 0.072265625 0.0078125 0.07421875 0.01171875 0.07421875 0.013671875 0.076171875 0.013671875 0.08203125 0.015625 0.08203125 0.017578125 0.083984375 0.01953125 0.083984375 0.01953125 0.078125 0.021484375 0.076171875 0.021484375 0.07421875 0.0234375 0.072265625 0.025390625 0.072265625 0.025390625 0.0703125 0.02734375 0.068359375 0.02734375 0.056640625 0.0234375 0.052734375 0.0234375 0.05078125 0.021484375 0.048828125 0.021484375 0.044921875
0 0.107421875 0.041015625 0.10546875 0.04296875 0.10546875 0.048828125 0.103515625 0.05078125 0.1015625 0.05078125 0.1015625 0.0546875 0.103515625 0.056640625 0.103515625 0.060546875 0.099609375 0.064453125 0.087890625 0.064453125 0.0859375 0.0625 0.0859375 0.060546875 0.083984375 0.05859375 0.083984375 0.056640625 0.08203125 0.0546875 0.08203125 0.05078125 0.083984375 0.048828125 0.080078125 0.044921875 0.078125 0.044921875 0.076171875 0.046875 0.076171875 0.048828125 0.078125 0.05078125 0.078125 0.052734375 0.080078125 0.0546875 0.080078125 0.060546875 0.078125 0.0625 0.072265625 0.0625 0.0703125 0.064453125 0.0625 0.064453125 0.060546875 0.06640625 0.060546875 0.068359375 0.056640625 0.072265625 0.052734375 0.072265625 0.05078125 0.07421875 0.048828125 0.07421875 0.046875 0.076171875 0.046875 0.080078125 0.044921875 0.08203125 0.044921875 0.08984375 0.046875 0.091796875 0.05078125 0.091796875 0.05078125 0.08984375 0.056640625 0.083984375 0.05859375 0.083984375 0.060546875 0.0859375 0.0625 0.0859375 0.06640625 0.08984375 0.068359375 0.08984375 0.0703125 0.091796875 0.076171875 0.0859375 0.078125 0.087890625 0.08984375 0.087890625 0.091796875 0.0859375 0.09375 0.0859375 0.095703125 0.083984375 0.099609375 0.083984375 0.1015625 0.08203125 0.103515625 0.08203125 0.111328125 0.07421875 0.111328125 0.0703125 0.11328125 0.068359375 0.11328125 0.06640625 0.1171875 0.0625 0.1171875 0.060546875 0.119140625 0.05859375 0.119140625 0.052734375 0.1171875 0.05078125 0.1171875 0.048828125 0.115234375 0.046875 0.115234375 0.044921875 0.11328125 0.04296875 0.111328125 0.04296875 0.109375 0.041015625
0 0.03125 0.0078125 0.03125 0.01171875 0.033203125 0.013671875 0.033203125 0.015625 0.03515625 0.015625 0.0390625 0.01171875 0.0390625 0.009765625 0.037109375 0.0078125
