0 0.359375 0.994140625 0.35546875 0.998046875 0.365234375 0.998046875 0.365234375 0.994140625
0 0.755859375 0.9765625 0.75390625 0.978515625 0.75 0.978515625 0.748046875 0.98046875 0.748046875 0.986328125 0.751953125 0.986328125 0.75390625 0.98828125 0.771484375 0.98828125 0.7734375 0.990234375 0.775390625 0.990234375 0.77734375 0.98828125 0.77734375 0.9765625
0 0.140625 0.75390625 0.140625 0.755859375 0.138671875 0.7578125 0.138671875 0.76171875 0.13671875 0.763671875 0.13671875 0.77734375 0.138671875 0.779296875 0.14453125 0.779296875 0.146484375 0.77734375 0.1484375 0.77734375 0.1484375 0.76953125 0.146484375 0.767578125 0.146484375 0.759765625 0.14453125 0.7578125 0.14453125 0.755859375 0.142578125 0.755859375
0 0.673828125 0.69921875 0.67578125 0.701171875 0.677734375 0.701171875 0.68359375 0.70703125 0.685546875 0.70703125 0.685546875 0.703125 0.68359375 0.701171875 0.681640625 0.701171875 0.6796875 0.69921875
0 0.685546875 0.68359375 0.68359375 0.685546875 0.681640625 0.685546875 0.6796875 0.6875 0.6796875 0.693359375 0.681640625 0.6953125 0.68359375 0.693359375 0.689453125 0.693359375 0.69140625 0.69140625 0.693359375 0.69140625 0.6953125 0.689453125 0.6953125 0.685546875 0.693359375 0.68359375
0 0.685546875 0.669921875 0.68359375 0.671875 0.681640625 0.671875 0.6796875 0.673828125 0.677734375 0.673828125 0.673828125 0.677734375 0.673828125 0.6796875 0.681640625 0.6796875 0.68359375 0.677734375 0.685546875 0.677734375 0.6875 0.67578125 0.6875 0.671875
0 0.681640625 0.65625 0.6796875 0.658203125 0.677734375 0.658203125 0.67578125 0.66015625 0.673828125 0.66015625 0.67578125 0.662109375 0.681640625 0.662109375 0.685546875 0.658203125 0.68359375 0.65625
0 0.6328125 0.6015625 0.625 0.609375 0.625 0.611328125 0.623046875 0.61328125 0.623046875 0.615234375 0.619140625 0.619140625 0.619140625 0.62109375 0.6171875 0.623046875 0.619140625 0.623046875 0.62109375 0.62109375 0.634765625 0.62109375 0.634765625 0.619140625 0.63671875 0.6171875 0.63671875 0.615234375 0.634765625 0.61328125 0.634765625 0.611328125 0.6328125 0.609375
0 0.1640625 0.3515625 0.1640625 0.353515625 0.162109375 0.35546875 0.15625 0.35546875 0.15625 0.359375 0.162109375 0.365234375 0.162109375 0.3671875 0.1640625 0.365234375 0.166015625 0.365234375 0.16796875 0.36328125 0.169921875 0.36328125 0.169921875 0.357421875 0.171875 0.35546875 0.171875 0.3515625
0 0.12109375 0.29296875 0.119140625 0.294921875 0.119140625 0.30078125 0.1171875 0.302734375 0.1171875 0.30859375 0.119140625 0.310546875 0.126953125 0.310546875 0.12890625 0.30859375 0.12890625 0.30078125 0.123046875 0.294921875 0.123046875 0.29296875
0 0.08984375 0.19140625 0.087890625 0.193359375 0.0859375 0.193359375 0.0859375 0.1953125 0.083984375 0.197265625 0.087890625 0.197265625 0.08984375 0.1953125
0 0.12890625 0.146484375 0.126953125 0.1484375 0.126953125 0.158203125 0.130859375 0.162109375 0.138671875 0.162109375 0.140625 0.1640625 0.140625 0.166015625 0.14453125 0.166015625 0.14453125 0.16015625 0.142578125 0.158203125 0.134765625 0.158203125 0.130859375 0.154296875 0.130859375 0.15234375 0.12890625 0.150390625
0 0.0546875 0.07421875 0.05078125 0.078125 0.05078125 0.080078125 0.048828125 0.08203125 0.046875 0.08203125 0.044921875 0.083984375 0.04296875 0.083984375 0.04296875 0.0859375 0.046875 0.08984375 0.056640625 0.08984375 0.05859375 0.091796875 0.068359375 0.091796875 0.0703125 0.09375 0.08203125 0.09375 0.083984375 0.095703125 0.0859375 0.095703125 0.087890625 0.09375 0.08984375 0.09375 0.091796875 0.091796875 0.08984375 0.08984375 0.08984375 0.087890625 0.087890625 0.087890625 0.0859375 0.0859375 0.076171875 0.0859375 0.072265625 0.08203125 0.072265625 0.080078125 0.068359375 0.080078125 0.06640625 0.078125 0.068359375 0.076171875 0.0703125 0.076171875 0.064453125 0.076171875 0.0625 0.07421875
0 0.107421875 0.064453125 0.107421875 0.06640625 0.109375 0.068359375 0.109375 0.072265625 0.103515625 0.078125 0.103515625 0.083984375 0.109375 0.083984375 0.111328125 0.08203125 0.1171875 0.08203125 0.119140625 0.083984375 0.12109375 0.083984375 0.123046875 0.0859375 0.125 0.0859375 0.125 0.080078125 0.119140625 0.07421875 0.119140625 0.072265625 0.115234375 0.068359375 0.115234375 0.06640625 0.11328125 0.06640625 0.111328125 0.064453125
0 0.05859375 0.029296875 0.056640625 0.03125 0.052734375 0.03125 0.05078125 0.033203125 0.04296875 0.033203125 0.041015625 0.03515625 0.0390625 0.03515625 0.037109375 0.037109375 0.03515625 0.037109375 0.029296875 0.04296875 0.02734375 0.04296875 0.025390625 0.044921875 0.037109375 0.044921875 0.0390625 0.04296875 0.04296875 0.04296875 0.044921875 0.041015625 0.048828125 0.041015625 0.05078125 0.0390625 0.0546875 0.0390625 0.05859375 0.03515625 0.060546875 0.03515625 0.0625 0.033203125 0.064453125 0.033203125 0.06640625 0.03125 0.06640625 0.029296875
0 0.107421875 0.0 0.10546875 0.001953125 0.103515625 0.001953125 0.095703125 0.009765625 0.09765625 0.009765625 0.099609375 0.0078125 0.1015625 0.0078125 0.10546875 0.00390625 0.107421875 0.00390625 0.109375 0.001953125 0.111328125 0.001953125 0.11328125 0.0
