0 0.80078125 0.955078125 0.798828125 0.95703125 0.798828125 0.96484375 0.80078125 0.966796875 0.80078125 0.96875 0.802734375 0.96875 0.8046875 0.966796875 0.806640625 0.966796875 0.806640625 0.958984375 0.8046875 0.95703125 0.8046875 0.955078125
0 0.904296875 0.92578125 0.900390625 0.9296875 0.900390625 0.935546875 0.90234375 0.9375 0.90234375 0.9453125 0.900390625 0.947265625 0.900390625 0.94921875 0.8984375 0.951171875 0.8984375 0.95703125 0.900390625 0.958984375 0.900390625 0.966796875 0.90234375 0.96875 0.90234375 0.970703125 0.90625 0.970703125 0.908203125 0.96875 0.91015625 0.96875 0.91015625 0.9609375 0.908203125 0.958984375 0.908203125 0.955078125 0.90625 0.953125 0.90625 0.939453125 0.908203125 0.9375 0.908203125 0.931640625 0.91015625 0.9296875 0.91015625 0.927734375 0.908203125 0.92578125
0 0.923828125 0.73828125 0.921875 0.740234375 0.919921875 0.740234375 0.91796875 0.7421875 0.91796875 0.74609375 0.916015625 0.748046875 0.916015625 0.75 0.91796875 0.751953125 0.91796875 0.7578125 0.919921875 0.7578125 0.921875 0.759765625 0.92578125 0.759765625 0.93359375 0.751953125 0.93359375 0.73828125
0 0.9765625 0.63671875 0.974609375 0.638671875 0.97265625 0.638671875 0.97265625 0.642578125 0.970703125 0.64453125 0.970703125 0.6484375 0.96875 0.650390625 0.96875 0.65625 0.966796875 0.658203125 0.966796875 0.662109375 0.96875 0.6640625 0.97265625 0.6640625 0.974609375 0.662109375 0.974609375 0.65234375 0.98046875 0.646484375 0.982421875 0.646484375 0.984375 0.64453125 0.984375 0.640625 0.982421875 0.638671875 0.982421875 0.63671875
0 0.91796875 0.609375 0.916015625 0.611328125 0.9140625 0.611328125 0.912109375 0.61328125 0.9140625 0.615234375 0.9140625 0.619140625 0.91796875 0.623046875 0.921875 0.623046875 0.923828125 0.62109375 0.92578125 0.62109375 0.92578125 0.619140625 0.927734375 0.6171875 0.927734375 0.61328125 0.92578125 0.611328125 0.921875 0.611328125 0.919921875 0.609375
0 0.91796875 0.478515625 0.916015625 0.48046875 0.916015625 0.482421875 0.9140625 0.484375 0.9140625 0.486328125 0.916015625 0.48828125 0.919921875 0.48828125 0.921875 0.486328125 0.921875 0.478515625
0 0.66015625 0.380859375 0.66015625 0.3828125 0.65625 0.38671875 0.654296875 0.38671875 0.654296875 0.392578125 0.65625 0.392578125 0.658203125 0.390625 0.658203125 0.388671875 0.66015625 0.38671875 0.6640625 0.38671875 0.6640625 0.3828125 0.662109375 0.380859375
0 0.865234375 0.25 0.865234375 0.25390625 0.86328125 0.255859375 0.86328125 0.259765625 0.861328125 0.26171875 0.861328125 0.265625 0.859375 0.267578125 0.859375 0.27734375 0.861328125 0.27734375 0.865234375 0.2734375 0.865234375 0.255859375 0.8671875 0.25390625 0.8671875 0.25
0 0.958984375 0.2109375 0.95703125 0.212890625 0.958984375 0.21484375 0.9609375 0.21484375 0.966796875 0.220703125 0.970703125 0.220703125 0.970703125 0.216796875 0.966796875 0.212890625 0.962890625 0.212890625 0.9609375 0.2109375
0 0.896484375 0.19921875 0.89453125 0.201171875 0.89453125 0.205078125 0.896484375 0.20703125 0.896484375 0.208984375 0.89453125 0.2109375 0.888671875 0.2109375 0.888671875 0.212890625 0.88671875 0.21484375 0.888671875 0.216796875 0.90234375 0.216796875 0.90625 0.220703125 0.912109375 0.220703125 0.91015625 0.21875 0.91015625 0.212890625 0.908203125 0.2109375 0.908203125 0.208984375 0.900390625 0.208984375 0.8984375 0.20703125 0.90234375 0.203125 0.90234375 0.19921875
0 0.71875 0.189453125 0.716796875 0.19140625 0.716796875 0.197265625 0.71875 0.19921875 0.71875 0.201171875 0.720703125 0.203125 0.720703125 0.205078125 0.732421875 0.216796875 0.734375 0.216796875 0.736328125 0.21875 0.73828125 0.21875 0.7421875 0.22265625 0.74609375 0.22265625 0.74609375 0.21875 0.744140625 0.216796875 0.7421875 0.216796875 0.736328125 0.2109375 0.736328125 0.20703125 0.734375 0.205078125 0.734375 0.203125 0.732421875 0.201171875 0.732421875 0.19921875 0.728515625 0.1953125 0.728515625 0.193359375 0.7265625 0.19140625 0.7265625 0.189453125
0 0.931640625 0.103515625 0.9296875 0.10546875 0.931640625 0.107421875 0.931640625 0.111328125 0.927734375 0.115234375 0.92578125 0.115234375 0.923828125 0.1171875 0.923828125 0.119140625 0.921875 0.12109375 0.921875 0.1328125 0.92578125 0.13671875 0.9296875 0.13671875 0.93359375 0.1328125 0.93359375 0.12890625 0.939453125 0.123046875 0.94140625 0.125 0.943359375 0.125 0.9453125 0.123046875 0.9453125 0.111328125 0.943359375 0.111328125 0.94140625 0.109375 0.939453125 0.109375 0.9375 0.107421875 0.9375 0.10546875 0.935546875 0.103515625
