0 0.90625 0.833984375 0.904296875 0.8359375 0.90234375 0.8359375 0.900390625 0.837890625 0.900390625 0.845703125 0.8984375 0.84765625 0.8984375 0.849609375 0.89453125 0.853515625 0.89453125 0.857421875 0.896484375 0.859375 0.90625 0.859375 0.91015625 0.85546875 0.91015625 0.8515625 0.912109375 0.849609375 0.912109375 0.841796875 0.91015625 0.83984375 0.91015625 0.8359375 0.908203125 0.833984375
0 0.857421875 0.83203125 0.8515625 0.837890625 0.84765625 0.837890625 0.84765625 0.84375 0.853515625 0.84375 0.85546875 0.841796875 0.859375 0.841796875 0.861328125 0.83984375 0.86328125 0.83984375 0.865234375 0.837890625 0.865234375 0.8359375 0.8671875 0.833984375 0.865234375 0.833984375 0.86328125 0.83203125
0 0.65234375 0.802734375 0.650390625 0.8046875 0.650390625 0.806640625 0.6484375 0.80859375 0.6484375 0.8125 0.650390625 0.814453125 0.650390625 0.826171875 0.65234375 0.826171875 0.654296875 0.828125 0.65625 0.826171875 0.658203125 0.826171875 0.658203125 0.81640625 0.65625 0.814453125 0.65625 0.810546875 0.654296875 0.80859375 0.654296875 0.8046875
0 0.927734375 0.794921875 0.927734375 0.802734375 0.9296875 0.8046875 0.9296875 0.80859375 0.931640625 0.810546875 0.931640625 0.80859375 0.93359375 0.806640625 0.931640625 0.8046875 0.931640625 0.798828125
0 0.6875 0.79296875 0.6875 0.8046875 0.689453125 0.806640625 0.689453125 0.822265625 0.69140625 0.82421875 0.693359375 0.822265625 0.6953125 0.822265625 0.697265625 0.8203125 0.697265625 0.818359375 0.69921875 0.81640625 0.69921875 0.814453125 0.701171875 0.8125 0.701171875 0.810546875 0.703125 0.80859375 0.701171875 0.806640625 0.701171875 0.8046875 0.69140625 0.794921875 0.69140625 0.79296875
0 0.45703125 0.78125 0.45703125 0.794921875 0.455078125 0.796875 0.455078125 0.802734375 0.453125 0.8046875 0.453125 0.80859375 0.451171875 0.810546875 0.451171875 0.814453125 0.44921875 0.81640625 0.44921875 0.845703125 0.451171875 0.84765625 0.451171875 0.849609375 0.453125 0.8515625 0.453125 0.853515625 0.45703125 0.857421875 0.45703125 0.869140625 0.4609375 0.873046875 0.46875 0.873046875 0.470703125 0.87109375 0.47265625 0.87109375 0.4765625 0.8671875 0.4765625 0.865234375 0.478515625 0.86328125 0.478515625 0.853515625 0.4765625 0.8515625 0.4765625 0.84375 0.474609375 0.841796875 0.474609375 0.8359375 0.47265625 0.833984375 0.47265625 0.83203125 0.470703125 0.830078125 0.470703125 0.826171875 0.46875 0.82421875 0.46875 0.8203125 0.466796875 0.818359375 0.466796875 0.798828125 0.46484375 0.796875 0.46484375 0.79296875 0.462890625 0.791015625 0.462890625 0.7890625 0.4609375 0.787109375 0.4609375 0.78515625
0 0.568359375 0.779296875 0.564453125 0.783203125 0.564453125 0.78515625 0.5625 0.787109375 0.5625 0.798828125 0.564453125 0.80078125 0.564453125 0.802734375 0.56640625 0.8046875 0.56640625 0.806640625 0.5703125 0.810546875 0.572265625 0.810546875 0.57421875 0.8125 0.578125 0.8125 0.578125 0.80859375 0.580078125 0.806640625 0.580078125 0.796875 0.578125 0.794921875 0.578125 0.79296875 0.576171875 0.791015625 0.57421875 0.791015625 0.572265625 0.7890625 0.572265625 0.779296875
0 0.66796875 0.77734375 0.66796875 0.78125 0.666015625 0.783203125 0.666015625 0.78515625 0.66796875 0.787109375 0.66796875 0.7890625 0.669921875 0.791015625 0.669921875 0.814453125 0.671875 0.81640625 0.671875 0.822265625 0.673828125 0.82421875 0.673828125 0.826171875 0.67578125 0.826171875 0.677734375 0.828125 0.677734375 0.826171875 0.6796875 0.82421875 0.6796875 0.8125 0.681640625 0.810546875 0.681640625 0.798828125 0.6796875 0.796875 0.6796875 0.794921875 0.67578125 0.791015625 0.67578125 0.787109375 0.673828125 0.78515625 0.673828125 0.78125 0.671875 0.779296875 0.669921875 0.779296875
0 0.9296875 0.759765625 0.9296875 0.76953125 0.931640625 0.771484375 0.931640625 0.7734375 0.9375 0.779296875 0.9375 0.77734375 0.939453125 0.775390625 0.939453125 0.771484375 0.935546875 0.767578125 0.935546875 0.763671875 0.93359375 0.76171875 0.93359375 0.759765625
0 0.58203125 0.75 0.58203125 0.755859375 0.5859375 0.759765625 0.59375 0.759765625 0.595703125 0.7578125 0.591796875 0.75390625 0.58984375 0.75390625 0.587890625 0.751953125 0.5859375 0.751953125 0.583984375 0.75
