0 0.408203125 0.70703125 0.40625 0.708984375 0.404296875 0.708984375 0.40234375 0.7109375 0.40234375 0.712890625 0.40625 0.716796875 0.408203125 0.716796875 0.412109375 0.720703125 0.41796875 0.720703125 0.419921875 0.71875 0.419921875 0.71484375 0.421875 0.712890625 0.421875 0.708984375 0.419921875 0.70703125 0.412109375 0.70703125 0.41015625 0.708984375
0 0.41015625 0.6875 0.408203125 0.689453125 0.408203125 0.693359375 0.41015625 0.6953125 0.416015625 0.6953125 0.41796875 0.693359375 0.419921875 0.693359375 0.421875 0.69140625 0.421875 0.689453125 0.423828125 0.6875
0 0.396484375 0.654296875 0.390625 0.66015625 0.390625 0.662109375 0.392578125 0.6640625 0.3984375 0.6640625 0.400390625 0.662109375 0.40234375 0.662109375 0.404296875 0.66015625 0.412109375 0.66015625 0.412109375 0.658203125 0.408203125 0.658203125 0.40625 0.65625 0.40234375 0.65625 0.400390625 0.654296875
0 0.3984375 0.6484375 0.3984375 0.650390625 0.41015625 0.650390625 0.412109375 0.65234375 0.412109375 0.650390625 0.41015625 0.650390625 0.408203125 0.6484375
0 0.40234375 0.63671875 0.400390625 0.638671875 0.400390625 0.642578125 0.408203125 0.642578125 0.41015625 0.64453125 0.4140625 0.64453125 0.4140625 0.640625 0.41015625 0.640625 0.408203125 0.638671875 0.40625 0.638671875 0.404296875 0.63671875
0 0.4140625 0.603515625 0.41015625 0.607421875 0.41015625 0.619140625 0.412109375 0.62109375 0.412109375 0.623046875 0.416015625 0.626953125 0.419921875 0.626953125 0.421875 0.625 0.423828125 0.625 0.42578125 0.623046875 0.42578125 0.619140625 0.423828125 0.6171875 0.423828125 0.60546875 0.419921875 0.60546875 0.41796875 0.603515625
0 0.455078125 0.5546875 0.455078125 0.556640625 0.45703125 0.55859375 0.45703125 0.560546875 0.458984375 0.560546875 0.4609375 0.55859375 0.45703125 0.5546875
0 0.501953125 0.537109375 0.501953125 0.5390625 0.505859375 0.5390625 0.505859375 0.537109375
0 0.38671875 0.390625 0.3828125 0.39453125 0.3828125 0.40234375 0.384765625 0.40234375 0.390625 0.396484375 0.390625 0.390625
0 0.37890625 0.353515625 0.376953125 0.35546875 0.376953125 0.369140625 0.37890625 0.37109375 0.37890625 0.380859375 0.376953125 0.3828125 0.380859375 0.38671875 0.3828125 0.38671875 0.38671875 0.3828125 0.384765625 0.380859375 0.384765625 0.376953125 0.3828125 0.375 0.3828125 0.373046875 0.380859375 0.37109375 0.380859375 0.36328125 0.37890625 0.361328125 0.380859375 0.359375 0.380859375 0.357421875 0.37890625 0.35546875
0 0.384765625 0.328125 0.384765625 0.330078125 0.3828125 0.33203125 0.384765625 0.333984375 0.388671875 0.330078125 0.388671875 0.328125
0 0.341796875 0.26953125 0.337890625 0.2734375 0.33984375 0.2734375 0.34375 0.26953125
0 0.333984375 0.255859375 0.333984375 0.2578125 0.3359375 0.259765625 0.3359375 0.26171875 0.33984375 0.26171875 0.33984375 0.259765625 0.3359375 0.255859375
0 0.328125 0.240234375 0.328125 0.244140625 0.330078125 0.24609375 0.33203125 0.24609375 0.333984375 0.244140625 0.3359375 0.244140625 0.3359375 0.240234375
0 0.3359375 0.232421875 0.333984375 0.234375 0.33203125 0.234375 0.33203125 0.236328125 0.33984375 0.236328125 0.341796875 0.234375 0.341796875 0.232421875
0 0.0 0.216796875 0.0 0.2421875 0.001953125 0.2421875 0.005859375 0.24609375 0.0078125 0.24609375 0.01171875 0.25 0.015625 0.25 0.017578125 0.251953125 0.025390625 0.251953125 0.02734375 0.25390625 0.041015625 0.25390625 0.04296875 0.255859375 0.048828125 0.255859375 0.05078125 0.2578125 0.0546875 0.2578125 0.056640625 0.259765625 0.060546875 0.259765625 0.0625 0.26171875 0.064453125 0.26171875 0.06640625 0.263671875 0.0703125 0.263671875 0.072265625 0.265625 0.08203125 0.265625 0.083984375 0.267578125 0.09375 0.267578125 0.095703125 0.265625 0.09765625 0.265625 0.09765625 0.259765625 0.095703125 0.2578125 0.095703125 0.255859375 0.09375 0.25390625 0.09375 0.251953125 0.087890625 0.24609375 0.0859375 0.24609375 0.080078125 0.240234375 0.078125 0.240234375 0.07421875 0.236328125 0.068359375 0.236328125 0.06640625 0.234375 0.0625 0.234375 0.060546875 0.232421875 0.056640625 0.232421875 0.0546875 0.23046875 0.05078125 0.23046875 0.048828125 0.228515625 0.044921875 0.228515625 0.04296875 0.2265625 0.041015625 0.2265625 0.0390625 0.224609375 0.033203125 0.224609375 0.03125 0.22265625 0.02734375 0.22265625 0.025390625 0.220703125 0.021484375 0.220703125 0.01953125 0.21875 0.017578125 0.21875 0.015625 0.216796875
